63186	336656
93834	336785
30260	337336
67549	336650
46606	336679	336657
60902	336679	336653
34622	336808
34620	336658
29267	336651	22168	336751	336650	336961	336714
78208	336657	336661
3632	336839	336838	336960	336679	336964	336717	336959	337554	336922	336872	384125	336659	337777	336760	336665	337174	22168	336661	336896	336654	336653
10651	337045	336658
88487	336661
88484	336650
23978	339241	337174	336661	337264
42234	22168	336658	337096
42236	393677
43561	336661
93822	336658
43562	336661
44893	336651
67556	336651
2320	336653	336679
81839	336653
43568	336661
47925	336651
79520	336966
35944	336751
1	336653	337023	336764	337092	336799	339326	336739	577072	336650	336665	336714	337481	337336	336804	336785	337112	348749	336683
10667	336653	336661
76495	494780
29276	336651
2	337554	336896	336857	336651	336668	336650	336743	336657	336739	336792	337336	336683	337073	337077	337174	336760	336764	392796	336966	337064	577072	336751	336717	336922	348749	337954	337059	336659	336654	336785	336660	336762	336838	336658
3	336653	336679
96095	336966
4	336657	336665	336658	336651	336668	336653
35940	336651	336751
5	336679	22168	337059	336792	336653	336838
6	22168
79528	336650
90789	336650
87147	336661
59937	336679
10663	336651
35947	336651
88473	336661
29270	336679
10665	337260
93851	336661
68898	336651
81868	336661
55580	336652	336658
34601	348749	337125
10634	336657	336651
60932	336679	336804
81875	336650
29243	336731
79555	337174	336659	573326	336665	337465	336966	337782
78224	348749	336651
10636	336657
78226	494047
30240	336650
54257	336650
93849	336651
35938	336952
35936	336679
3658	336660
47900	336661
38195	336679	336650
72921	336751	336665
66249	337082
93842	336650
47908	336650
60939	336651
54261	337100
79541	336659
58623	348749
81864	336650
78210	572515
81865	336661	336924	336653	336659	22168	336679	336658	337264	337045
2337	336924	336650
81866	337174
29259	336651
60940	336651
78214	572515
80533	336651
72918	337174
66240	337125
88496	392841	336714
72913	338262
42200	336653
72933	336658
87195	577072
38184	393174
71600	336961
38186	336742
67585	336653
42203	336651
38187	393174
93878	336653	337305
38188	336748	393174
72930	336651
35909	336656
87190	337581
79571	451475
84917	576295
81896	336651
78244	392705	336799
10615	336665
59962	336650
57301	336653
91209	336651
91206	337843
81891	336653
87198	337045	336650
93862	336966	339326	336751	336651
38178	336679
91205	336652
91203	336653	336661
29239	336651	337174
81878	348749	337626	393944	336902	336785	336658	336743	469362	336654	336751	337088	337620	337059	336679	336802	336961	337092	337777	337621	336651	336650	336661	336652	337590	337045	337627	337174	22168	390680	336664
54281	336751	336658
84910	336661
78232	336654
10623	336804
81887	337082
29236	337581
59974	336650
32878	337305
10622	336798
31547	336652	336751
10621	337620
71624	337626	336650
39495	336651
38166	336679
72951	348749
14197	336681
40484	336657
6730	336651	336650
29208	337861	337174
40488	336653
79590	336651
84937	576295
14192	336653
38161	393174
84944	576295
30201	336651
84942	576295
2365	337315	337112
84941	576295
31538	338321	337484	336657	336651	336787
32869	336966	573326
30203	336802	336651
30206	394640	393528	22168
92551	336653
91226	336661
72962	336868	336735
43506	336651
59993	336661
92550	336966
84925	336650
84933	336658
5409	336650
10602	337090	337623
32853	336651
79585	336650
84932	576295
29214	336813	336656
78258	572515
58665	336658
92548	336804	337462	337264	337305	336658	337174	336762	393174	336748	336651	392319	336961	336679	336656	336787	22168	336952	392202
31523	336650
32855	336735	336651
24419	336651
33371	336661
97351	336868
73383	336651
97352	337174
36407	336657
12438	336650	336653
33376	337089
88406	392368	336664	577072	336653	336868
77753	556303
76423	336653
53788	336651
60074	393174
11105	336668	337077	337045	336654	336650	336879	336792	336751	336717
5419	336751	336802
59094	336651	336661	336653
5430	336802
49700	336652
68804	336659	336804
97345	336651
63119	336650
44019	336651
53792	336679	348749
90709	336658
11119	337841
33368	336661
77742	22168	337174
76412	338003	336714
52464	336650
90701	336650	336661
77746	336679
12444	336804
11113	336653
12447	337174
37726	336650
21368	348749
45337	336658
5440	337090
47995	336654
9800	336651
46665	336651
65784	336659
5443	336665
45333	393174
68815	337100
64457	336650
34680	393174
33359	336651
51141	336658
55500	336658
89756	336650
12411	336751	336653	337174	336802
5436	336664	337100	22168	336681	336657	336653	336760	336742	336667	337045	337777	337621	337620	336902	336982	336659	336652	336651	336812	337059	336802	336793	336961	336813	338003	336743	336741	336668	336665	336683
5437	336668	336751	336714	339326	336966
55503	336751
37711	336739
85395	336679
6769	336653	336658
4108	336651	336804	336857
37713	336651
88420	336650
55508	336668	336804
46656	336654
9810	336651
6784	393174	336651
42295	336658
9809	336924
88418	336966
55511	336751
77766	336651
4114	336651	337096	336650	336731	337174
9802	337174
12420	336802	336650
42294	336804	336651
9805	22168	336838	336792	336739	336654	336679	337045	336661	336658	336650
32019	336804	392550
12424	336799
64472	445784
5460	336679	336751	337305	337186	336656	336654	336896	336659
5461	336961	22168	336679
45316	337627
9821	336651
81809	336658
75129	336650
10690	336651
96067	336651
35990	336653	336813
52490	337174
96064	336652
35999	336661	337045	336653	336952	337305	336731	336739	336658	22168
13728	337623	336657	336661	336679	336653	348749
33337	336658
81810	337089	336868
56854	338339
72091	336651
87119	336661
33332	336651
33331	336651	336658
51167	336651
76469	336793	336679
10693	336717
9815	336896	336653	336654
9812	337059
90757	336651	336966
9813	336654
9819	336654
20026	337462
45305	336651
8501	22168	336651
67511	336652
45307	337627
51170	336651
34655	390295
87108	336653
33321	336751	336679	336658
35984	336651
34651	336651
34650	348749
88436	22168	336679
12400	336717
9823	336651
42272	337100	336787	336679	336650	337090	336961	336717
9824	337484	336802	22168	336651
12403	337861	336751	337100
9829	337063
12401	336651
12402	336804
42266	337174
88460	336751	336651
23989	336966	494047
4151	336650
67524	337590	336966
64498	336651
9843	336658
42262	336668
8513	336739	336651
93810	577072
47950	336651
75148	336651
46629	337174
96086	336657
51181	336661
35977	336653	392841	336952	337125
29288	336651
30287	336653	336650
29287	337174
96083	336658
13704	337462	338428
13709	337174
80500	336868	336664	337059	336653	337264	22168	337805	336679
8505	336653	336714	336924	336650
10670	336681
90779	336650
8509	336653	336657	337077
10677	336657	22168
35979	336751	336679
33316	336650
34648	336650
8508	336650	337484	336679	22168
9839	337174
88450	336657	336659
46612	348749
47940	336651	336650
68866	336650
43585	337045
81816	336651
56880	336651
35966	336651
13716	336658
75150	556303
34633	348749
33302	336739	336808	338220	336966
35961	337088
56883	336651
226	336804	337088
8516	337084	336651
89787	336651
10683	337088
88453	336650
9849	336651	336838	337174	337088
8519	336966	337088
33306	336739
73308	336653
9860	336661	336650
12395	337336
8532	336651
12393	336651
61322	336653
59003	336653
70275	517813
63987	506146
70274	336651
62656	577072
41715	336650
61329	338003
87958	337045	336653	22168	336679	336659	336651
35038	336661	336838	336751	336651	336961
36366	336661
11067	336650
69284	336650
47013	336658
47010	336661
12398	336651
9872	336659
49669	336650
8545	338329	336902	337076	336653	336751	337338	336857	337203	347311	337059	337621	22168	336665	336714	336659	337063	336681	336654	337620	336802	337861	336650	336743	336924	337305	337681	337021	336656	337084	336668	337777	336651	338059	337462	336661	336679	337174	336683	336658	336657	336867	336804
15431	336650
9875	22168
41701	336650
96895	577072
35029	336964	348749
35028	336651	336661	336751	348749	336653	338003	336961	337590	336952
35026	336762	336802	348749	336679	336952
82256	336658
60004	336650
23055	336657	347311
9869	336651
8537	336679	336804
15439	336653
75968	337100	336653
15438	337045	337305	336654	336651	337174	336679	336661
15437	336654	336804
8554	336679	336653
37673	336651
8555	337096	336751
36343	336658
62675	336661
62676	336661
50691	336802	348749
15409	337059	336651
85314	336652
8549	336679
49652	336650
11044	336717
15401	336804	336651	336813
85310	336683	494966
11049	336661
37679	336661
36348	348749	336787	336804	337861
11048	336651
82283	336681
11052	336650	336679	337462	336966	337045	336653	337174	336961	336651
8568	336661
11051	336651
72001	336651
74663	336651
61357	336651	338003
59030	336868
263	336802
85308	576295
35006	336717
86635	348749
37664	336653	336868	337045	337305	336751
11055	336653	336896
1928	336656	336651
9889	337203
12386	336868
15411	336679
37667	336743	390295	336664
38997	336652
36338	348749	337024
52406	336650
49638	336651
13682	336653	336679
49635	336657	336650
12350	336650
72012	336657	348749
97310	336657
97312	336714
65724	336650
1932	336661
53741	336679
85338	336650
53740	336650
60035	336650
16712	336952	336681
11023	336652
13687	337045
11026	336751
45271	336665	336961	336952	336802	336743	336679	336681	336651	337045	336741	336813	336751
36328	348749
11028	336651
8585	336653
97307	336679
8583	336804
72027	336966
13692	337084	336654
72023	336679	348749
94272	348749
64405	336653
64409	336651
286	336650
24342	337264
13697	336802	336679
12367	336653
46595	336838
87983	336653	336681	336650	336657	337174	336802	393944	336751	336966	337045	338412	336658	337305	336661
1948	336661	337063	337174	336651	336751	336657	336838	336679	336650	337059	336653
85321	336665	336659
13696	336651
12365	336804
38977	336651
86650	336651
12368	336653	336651
38979	336651
8595	337161
61384	336650
74699	336653	336804	348749	22168	337305	336650	336714	336661	336665	336651
97335	336650
74694	336751	336650	336679	336665	336657	337045	336653	348749
59068	336651
53763	394640
37632	390505	337462
11003	336787	337174
77736	336661
38965	336651
52435	336661
36303	336661
11005	337805
13671	336651
13672	336650
49600	336651
72041	516754
52444	337125
34596	336661	336679	393736	336714	336651
53772	348749
77722	336661
89701	336651
12345	336651
12348	336659
11015	337186	336813
60061	393174
12347	336679	336659	336665
92465	336650	336659
71525	336652
96826	336650
39476	336651
39477	336650	336651
54194	336651
7283	577072
83514	336651
54199	336650
83511	336665
60870	336661
66171	336657
32848	336665	337627	336661	337622	336679	337045	337264
47099	336658
72867	336657
66189	336651
91123	336651
96812	601013
14185	336804	337100
38131	336714
92453	336650
14188	337305
14187	336653
79481	337305
44817	337161
93781	577072
7295	337484	337073	390505	336660	338329	336650	390295	336802	336679	337777	338220	336717	337231	336731	336804	336657	336751	348749	337462	337861	337063	337077	347311
47080	336650
83500	336650	337623
38138	336681
91118	22168	336714
66186	336653	348749
32835	336650
80471	336748
50604	577072	337623
50606	336651
14151	336650
35091	336651
9004	337223
95510	336661
9007	337203
15486	336665	336838	336751	336714
40442	336653
9005	337203
95512	336651
71541	348749	337084
14154	336657
41771	348749
28799	336651
35096	392550
1996	336802	336664
38129	336656	336952	336653	336731	336651	337084	337465
51940	336651
32824	336658
70207	336650
9014	336657
91145	336651
14162	337088
95504	336657
9018	337203
72885	336651	336659
71552	393174
14165	336804	337100	336713
78170	336651
40433	22168
9010	337223
35083	336651
63926	336679	336661	337096	337021	336658
32816	337174	348749	336679	336751	336659	336714
39446	336679
84850	336657
39448	336714	337023
14169	336751
50621	336751
47061	337096	336654
50626	392202	336787
75904	336650
94204	336661
9025	337203
35070	336683
9026	337203
95537	386896
9023	337203
51959	336651
15465	336665	336653	336650	336679	336651	336657	336658
14133	336661	337084
15463	336681
9028	337203
71564	336658
27448	336653
71562	336661
35074	336650	336651
35073	336651
91172	336658
63937	336679
83559	336651
32805	336658
48387	336651
50630	336651
50633	393174
9036	337203	336657
15471	336804
9034	337203
91165	336658
9035	337203
15475	337063
15474	336804
9039	336656	336731	336659	336650	337174	336654
71575	336652
9032	337203
62626	337174
91162	336651	337100
9031	337203
63949	392588
62617	336652
28782	336651
83548	336651
41739	338058
50640	469362
75920	336651
15477	336902	390295
51979	336650
94225	336652
11083	336651
9045	337223
39410	336653
11084	336651
47039	348749
48367	336658
63963	336651
9040	337203
63965	336650
40406	336661	336650
41729	336651
14115	22168	337174	337623	336787
36388	336651
69260	336651
51983	336650
50654	336651
48361	336651
11091	336651	336661
94219	336653
36374	336813
11097	336653
70267	336650
14121	337231
91181	336681
71592	336651	336656
91180	336653
91185	336679	337174
9054	337088
63978	348749
94210	337264
9052	337090
87924	337174
39403	336804
84891	337174	336658
36379	348749
39405	394640
48351	336653	337174
14128	336679
75947	336651
9069	337203	336714
68993	336679	336650	337059	336658	336651	337264
21421	336651
92622	336650
9064	337187
13804	336651	336679
33414	336651
10777	336762
55683	337100	336650	336961	336657	336653	336651
58714	336966
93946	336661	336650
87278	337285
92615	337125
10773	336679
29381	337174
33415	337125
92618	337082
9078	337203
92610	336653
66345	336661
9071	337203
9076	336739
9077	428084
81963	336661
29397	337045	336651
29395	336804
58720	336656	336665	336679	336659	393963	337100	337088	338059	336658	336804	336651	336668	336714	336743	336653
13818	336651	336717	336804	336679	336650
10781	336802
79648	336653
13810	336650
87295	577072
43670	337174
65025	337045
9083	337203
9085	337203
79673	336653	337059
10757	336799
1113	336651
10759	337690
53046	336651
29366	384992
93969	336735
29361	336661	337063
57406	336860
66363	336652
66364	517725
93966	577072
65036	336668
67698	336651
91302	336966
9092	22168	336651	337084	336751
9097	336813
81985	336653	336651
10766	336651
10769	336653	337305
81986	336651
30355	336661
6819	336665	336679
81980	336661
9090	336651
2456	336656
78338	336651
53057	336652	336658
80654	452859
77006	336652
78337	336651	22168
53058	336813
77008	336651
34718	336650	336679
3786	22168
34716	336813	337590
66362	337285
29370	336658	336651
6815	22168	336879
65030	336650
65043	348749
93993	336804	336657
91337	336653	336966
65047	336868	348749
90006	336735
77030	336665	337045	336751	336653	336650
43657	337623
78363	336651	337045
10734	336651
80684	336653
78364	336651
79697	336651
58757	336658
78366	336650
58752	336661
29346	348750	336838	390998	336828
57428	336650
80681	337082
89014	336651
89000	336679	336751	336961	336653	574203	336651
38294	336748	393174
38295	336650	336659
70404	336653
93982	336651
38298	336751
69414	336651
93980	337174
38291	336651
29357	337063
57434	336651
66380	336894
66384	348749
71725	337203
89032	336952	392841	348749	336651	339326	336742	336659	390505	393174	336743	336653	336658	336751
16010	336751
91352	337174
89031	577072	337125
16015	336982	336651	336653	348749	337627	336679	336658	337305	337186	337092	336808
91357	336651
77050	336651
92681	337174
92682	337305
91351	392214
92680	392368
32984	337125
10714	336651
31654	336654
56117	336658
83731	577072	336657	336785
95709	336714
89037	336658
95706	336651
71737	510490
16021	336679	336776	336653	336657
68102	336661
90016	336651	336650	348749	336966	336714	577072
44954	337059
38271	336714	337084
43626	337045
78373	572515
10723	336679
57457	336658
29331	336651
29330	348749	337174
30312	336961
83725	337045
10725	336679
10727	336658
32970	336679	336653	336658	22168	336661	336838
56123	336961	336650
58784	336651
70416	336650
80690	336651
32976	336651
49837	336651
23207	336739
48503	467193
45475	336650
63221	337627
72179	336966
64555	348749
72177	336650
64558	337305
24534	336651
68916	336652
56930	336650
51243	336650
13884	336657
12553	336651
36520	336650	393174
13885	338059	336735
89854	336651
90834	336661
37857	348749
37858	336651	336661	337305
90838	577072	337174
13887	336651
12560	577072
68920	336651
65899	337059	336658	390680	336665	336924	336735	336857	336838	336793	336657	337264	336751	337063	336661
1197	392550
37848	337100	337187	336961	338003	336650	336896	337621	336653	336764	337264
72180	337100
36517	336787	392368
72181	337305	337082	336661
16927	336966
56948	336679	337465
9900	336651
45461	336658
12568	336679
36513	336651
11236	337861
9907	336651
4219	336653	336952
9904	336651
11238	336804	336651
13897	338386
9920	336653	336922	386896	337125
5565	336966
44123	336658
67605	336651
32140	339326	336748
32141	339326
72195	336653
81901	336651
96164	336653
11209	336661
13868	336652
33478	336838	337096	337100	336739	336679	336924	336785	22168	336786	393677
72190	337077
51265	336653
77895	336651
87219	336661
13863	336651
6888	336792	336651	339326
36502	336679	336653
12533	337063
75239	337100
45443	336650
77880	336813	337100
55634	336661
89868	336651
90844	336653
11210	336651
77888	336651
87203	577072
54305	336658
9922	337088
11211	336653
309	336651	336952
37825	393174
90880	336751
9943	337045	336651
67621	336650
63268	337174
81926	336651
68959	336924
33450	336651	336653
45438	336650
12517	338088
51285	337264
13847	336650
312	336679	337203	336661	337305	336657	337100	337125	336838
37819	393174
56972	336679
8605	336659	336717	336665	337045	336679	337024	336651	336657
79618	336653
8602	336658	22168
88566	336743
93901	336657
9939	337045
56977	337623
93906	336665
8607	338003	336653	336802	336813	336924	337063	336786	337186	336714	336804	336651	337174	337187	336751
28094	336679
37814	336650
42398	336679
46756	392202
9953	336653
46753	392202	336650	22168	336751	337305
66304	517813
24509	337090
66305	517813
67637	336952
81914	494047
12529	337620
13857	336714	336651
12526	337059
33444	336651
76574	336651
33442	336652	336650
55655	336657
34773	336651
88559	336665	337181
89889	577072
8613	337174	336924
4259	336748
8614	336651
13855	336659	336656
84194	348749
8617	336657	337063	337023	336802	336804	336654	336739	577072	336656	336653	336679	336661	338220	336713	336731	337462	337174	337021	337097	336651	348749	336660	336896	337285	336680	336812	336922	336838	336751	336868	336665	336658
87220	336651	22168
8618	336656
33449	337782
12523	336652
68971	451475
41052	336661
93933	336661
8634	336653	336650	336656	336659
68976	337084
68975	336651
42386	336658
8632	336982
67648	336952	337084
66317	494966
46749	336650
55662	336651
79632	336651
13825	336661
78303	336952	494047
34761	336658
9958	337174
8627	336739	337063	337090
8624	336651
93924	337082
13822	336679
88584	336813	337090	337805	336952	336714	470701	336751
10797	336652
8641	336679	336657	336654
87240	336651
41043	393174
42372	337174	336651
68988	336679
42373	337084	337045	336661	576842	336787	337059
9973	336661
42374	336661
9974	336679	336651
80604	337045	336651
67658	336679
75278	348749
75274	336787
30398	337174
34756	337088
55674	337627
34754	390998
34752	336804	336896	336679	336743	336651	336802	337125
30393	348749
8638	336679	336651
8635	337305	336651	336657	337045	336661	336664
63290	336651
13834	392796	336651
9983	336651
8652	22168	336658
36481	336804
9981	336751	337889	336661
36482	348749
11184	336660
39511	392202	336651
73422	336653
35152	393910	337089
56093	336679	336717
41836	337089	336654	336661	336739	336651	337485
62779	467501
35150	577072
28857	337174	336681	336751
41835	393174
28858	336661
86747	337059
50792	336650
35158	336651
47133	336654	336653	336651
8648	392319
85410	336652
8649	22168
7317	336679
48462	336651
14217	336661	336651
81051	336658
11	336739	336679	336651
8663	337174	336650
13	336651	336657	22168
9992	336651
48459	336651
8666	337063	336982	336668	336658	337059	336659	336656	336961	336653	336924	336751	22168	336793	336667
48458	336659
11195	337484
15552	337125	336665
9996	336651	336665	336653
93028	336653
11196	337174
73432	336653
19	336650
74762	336653	336966
61459	336653
360	337021	337305	337125	338058	336651	337088	348749
93021	336751	409196	336966	336657
28869	336751
28862	348749
68081	336652
15557	337088	336838	336659	337777
49785	336650	337125
60122	393174
52503	337174
15554	336653	337125
48451	337045	337305	336652	336679	336961	337100	337264
15559	336952
21	336679
72119	336653
77808	337465
12491	336653	336650
8674	336679
48449	336651
36460	336679
25	336650
8672	336739	337063
72115	348749
73446	336785	336651	336650	337623
28	336664	336714
37794	336651
8675	337077
12492	337236	337775
47114	336650
35132	338220	337305
93051	336650
73441	348749
65823	336966	393174
94387	336966
74770	338368	22168	336838	336654	337125	337954	337174	336651
27507	336651
84108	336653	336651
86767	337174
53840	336751
37797	390295
12496	336659
68099	336658
47109	336650
11171	336679
8683	336651	337088
36450	336665	336651	337090
6025	22168	336651
15531	394640
8689	336658	337063
11175	336653
72123	348749
73453	337285
64504	336651
74781	336651
8681	22168
28847	336658	336650
387	337336
53850	348749
44074	336812	338339	337088	337021	393174	336879	337090	336808	336868	336653	337096	337059	337084	336764	336713	337100	336857	336867	337889	336651	337094	336813	337305	336787	337186	409196	336661	337264	336717	336679	337177	336660	336751	337045	336804	336742	337076	337625	337125	336982	336668	337462	337112	348749	337621	337077	336731	336664	469362	336659	336802	337336	336760	337174
8679	336656
11178	336651
36459	336813
8695	336679	337174	336650	22168	394640
45	336650	336658	336679	336653
61481	337305	336650
8694	390295	336804	336651	336650	336657
61482	336652
73469	336679
65840	336650
37772	336661
11142	336652
6037	336751
74796	336650
72130	348749	336653
28813	336650
64519	336652
93075	337174
35118	336751
15509	385184	336739
89817	386896	337305	336651
53860	336651
85456	576295
86785	337465	336868
89811	336651
84121	336679
85452	336679
12474	338088
15506	336651
77837	337082
36449	392550
44060	336656	336651	337174	337045	336657
76509	336664
72148	336650	336653
45389	337627	336651
73476	336735
28823	337462
72143	337100
32073	336804
72140	336650
53870	336679
89804	336665	451475	336653	337089	348749	336679
85447	336651
51210	394640	336650
89803	336651	336657
53871	348749
37763	336651
12488	336650
11157	337174
52544	336661	336651
60164	469362
81088	336961	336653	22168
51215	336650
11159	337315
67	336804	336651	337315	336665	337045	336659	336896	336658	336661	337484	336838	336653	336714
49737	336657	22168
72159	336751	336661
64531	336652
48402	336654	336665	22168	337096	337023	336714
65864	348749
33390	336799
73482	336654	336714
24438	337174
89839	336679	336751	336651	336966
52554	348749
84149	336651
60178	336650
11122	336799	336653
88500	336653
89831	336966	467193
13784	336664	336651
52556	336651
89830	577072
60173	336961
90814	470701	336966
11127	336651	336653	336661
79	336658	336653	336679
44035	337174
12460	338088
11130	337841
64546	336658
28805	336651
37749	336661
52560	336651	336650
52561	336665	336679
52562	336659
86798	337338
51233	348749
44030	392202
11133	337841
51235	336651
46691	336658
12469	337623
85	336653
46690	337305	336661
76518	336665
88	336966
9103	336661	336650
72974	336966
71643	393174
72971	337082
70312	336652
43617	337264	336679
72970	336787	336650
58672	336654	336961	336657
39590	336651
60989	336751
56017	393174
84965	576295
32960	336658
32961	336751
57344	337174
82300	556303
56014	336661
60993	336872	337187	336751	337231
83632	336679	506146
30307	336679
96	336952
96939	336661
66293	517725
91244	336966
16000	336661	337174
71657	445784	337125
39581	451475
96934	336651	336650
39583	392841	336751	337174	337059	337462	338339	337045	336658	336679
9112	337264
71656	336651
39585	336650
78273	336813	337045	336751	348749	336651	336679
84948	576295
43602	336651
84947	576295
29310	336657
84955	576295
58689	471772
84954	576295
10702	336651
84956	576295
58686	336804
84953	576295
29311	336665	337484	336679	336787	336659
84952	576295
50722	348749
71649	336651
39570	451475
9125	336680	393174
39573	451475
95637	336651
39572	451475
40564	336661
39575	451475
68019	336658
69349	336650
96965	336650	336966	336654	336751
38246	336868
39576	451475
9127	336651	336679
6092	22168
57360	336717
56039	336650
39578	451475
19966	336651
31614	336760	337264	336787	337620	337045	336661	336867	336651	336665	336743	336679	336656	337231	336653	337484	390295	336657	336798
3812	336651
9135	337174
68026	336717	339326	336650	336661	336653
14284	22168
74704	336650
39562	451475
92596	337174
9139	337554	336653
39564	451475
41883	336650
38234	392796	336650
84969	336679
47180	336651
82315	336652
57376	336653	337305
39567	451475
31606	336961
32936	336924
50745	336751
31601	392214
95617	601013
17315	337305
68020	336808
95654	336966	336714
39552	451475
9148	336653
15583	336802	337861	337063	336924	494780	337285
91291	336650
41876	336651
40545	393174
40543	336652	451434
91295	336679
9142	337260
40548	336658
9141	336653
40547	336661
35192	385184
86703	336651
86704	336651
47175	337305	337782	337125
15588	336679
81010	336650
81011	471772
68034	336679
50757	336658	336798
9157	336653
14261	336651
68049	336651
9158	336659	336802
38210	337174
56064	336961
91281	336751	336924
82329	337174	336653
62745	336652
91285	577072
57392	336651	336714	336653	336661
40529	336658	336651
68041	336657
39546	451475
15598	336804	336651
69374	336802
9169	337064	337059
9166	337777	336894	336653	22168	336751	336924	337861	337775	337621	336658	337305	336654	577072	337676
94345	336651
74735	339326
39531	337285
14231	336652
74730	336966	336879
95673	601013
40521	336657
40528	336804
9164	337092	337023
35172	336748
9163	336751
3858	336966
23183	336751	336714
28873	336799	337045
82365	336751
59106	336658
86721	409143
86722	336966
28872	336804
39537	451475
14234	336731	337260
39536	451475
32903	336651
39539	451475
47151	336650
53802	336651
15571	337861
15570	336657
93004	337465
9177	337274
9178	336679
93002	337622
41840	337084	451434
36495	390505
9175	336679
60108	336651	336868	336650	22168	336654	337167
26222	336679	336658	336838	348750	336714	337023	337088
82357	336651
14247	336651	336961
3861	22168
36498	336731
15576	336653	338003
18608	337305
39529	451475
71801	336966	577072
41153	336661
65122	336650	336651
92745	336650
80758	576842
79771	337090
10899	336651
33534	337581
77111	336650
80761	336668
78446	336661	22168
54478	336658	337100
33531	336654	337305	336924
10894	337174
33539	336652
1218	22168	336653	336961	336714	336659	336665
46834	336650
42477	337089
45502	336653
42478	337174
45508	336650
45505	336653	337100
9197	337063
9195	336651	22168
9196	337280
12605	337174	336661
77101	336650
12604	336651
79763	336731
79766	336653
53158	336924	517813	336651	336714	337174	336679
87389	348749
3888	337315	336651	336735	336653	336668	337059	336659	336665	337627	336762	336679	336896	337045	336650	337094	337305	336713	336731	337112	337090	337096	337100	336966	336961	336764	337125	22168	336656	336924	336799	337338	337861	336661	336838	336739	336872	337088	337077	336857	336812	337236	336743
86084	494047
69503	336651
66477	336658
2571	336731	336651
74099	336653
53161	348749
83805	336651
83811	336679
10877	337336
79794	336651
49091	337623
78468	337161
57520	336658
58850	336658
13906	337623
89118	337045
43790	336658
3898	337089	338192	390295
34847	336751
10875	336651
71814	336650
86074	336661
71832	337174	336653
43780	336653	336651
69515	337305	336661
80768	337174
46818	336751
42459	336651
6939	336653	336650
10888	337174
80773	336651
29495	336651
53174	337690
29499	336651
10884	337174
28161	336751	336651	336661
10883	336799
33504	336717
92784	392550	337623	336804	336658	336966	336961	337627	336651
91458	577072
90127	577072
46809	337063	336659
58871	336651
2592	336651
37093	336658
57545	336650
34821	336681
10859	336656
57541	336652
56213	336658
70504	348749
66491	393174	336651
68203	336679	336657	336661	336650
65175	336661	336650
68202	336651
70521	337100
69535	336658
29473	392588	336651
31785	337082	336679
29479	336661
77148	337174
10861	336665	336717	336656	336651	337484	336787	337305	336653	337090	337861	336650	336654	337077
50922	337088
70517	494047
49063	336650
71864	336653
91473	336657	394183	337064	336652	337082	409143
43753	336651
90144	577072
90147	577072
10829	336665
57562	336658
77174	337623	337045
90141	577072
90140	577072
56238	336653
29444	22168
83852	336966
50930	336653	336650
5634	336659	337021	336812	336966	336798	336739	336799	337045	337861	336679	336656	337059	336650	336896	336651	393677	393517	336792	336657	336751	337084	337397	390680
37062	336651
38393	393174
89142	336651
70547	336650
91468	336651	337174
37068	337174	336650	337861	336651
6983	336776
29458	336966
37060	336966
30430	336658
25097	336658
82510	337082
57577	336652
30439	336651
89148	336661
10840	336652
65194	336652
10842	337174
10841	22168	336656	338058	336653	336651	336657	337336	336661	337694	336654
6991	336657
48623	336652
37970	336751	336658	336651
75324	336653	556303
67702	336751
32282	336653	336751	337305	392841
63349	336653
36649	336653	336741	336868	336787	337264	336657	336659
77990	22168	337100	336751
72290	336658
50031	337336	336650
50030	336651	337174
76663	336650
76666	337174
11343	336651
37976	336679	336751
15703	336651
11347	336872	337088
90959	577072
48614	336679
49944	337305
75338	336650
12680	336651	336653
37960	348749
74003	386190
74000	348749
75330	336650
48618	336651
96253	336650
89968	577072
50046	336652
77986	336656	337623	336668	336651	336650	337174
45580	336651
6999	336924	336654	337174	337063	336650	336661	336879	336751	336665	336653
37963	336651
45583	336650
84272	337100
84271	336656
10025	337336
45577	336896
63364	337064
45575	336650
33592	337174	22168
3023	336653	336838	22168	336654	336739	336896	336665	336650	337077	336656	336660
19282	336679
74013	336813	336751	348749	494966
62039	348749
33590	336743
11327	336651
50053	336966	336661	336857	337622
410	336653	336651
11329	336650	336751	336665
80700	336651
50055	337125
415	336681	22168
86005	336653
12653	336651
8702	336679	336802	336651
88664	348749
8707	336651	337305
11324	337623
87332	337465	336922	336651
13990	336658
45563	336658
8722	336651	336924	336896
62046	336658
66406	336651
49926	348749
12669	336651
32256	336658
89989	336735
32253	336651
33584	336658
8714	22168	336653	336651	336679	336798
89986	336657
8715	336651	336656
55758	336658
428	336966	336651
37942	336657
12662	336651
10001	22168
13993	336650
12668	336651
89981	336653
84296	337264
54429	336679
8717	336651
13997	336651
24618	336661
46887	336650
8733	336657	336651
46882	336651	337174	336804	336665	336657	336654
66412	507846
3042	336661	348749
74032	336650
80717	336679	336653
32247	336652
36606	336661
13967	337089
11308	337484
79733	336868
8725	336661
87358	336651
8723	336658	336650	337082	336679	337174	336665
11301	336966
88684	336668	336657
62050	336651	336650
49902	393174	336650
8740	336668	336760
67753	577072
34890	336651
66427	337338	390459
50082	336651
3051	336748
80705	337203	336653
96290	601013
12647	337305	336713	336714	336751	336679
33566	336651	336650	338220	337174
37928	336658
34896	336804
76696	348749
80710	336966
32231	338003	337125	336813	577072	336952	336650
86018	337554	337125	573326	337843	337045	336839	517813	336717	337777	336661	338321	393948	336714	347311	336650	337581	452859	336924	337088	337167	337614	336665
88678	336679
8736	336651
8737	337481	337090	337231	336743	336731	336681
53116	336650
55779	336650
11310	336651
12645	336679
87342	336838	336651
37924	336650
8750	336651
45536	466412
92722	336651
8753	336651
45537	336658
28199	336650
12614	337174
33555	337954
54457	336661
37918	336650
80743	336650
7415	336661
8747	22168
87379	336751
87375	336952
37913	336658
12611	336804
32228	336717
42497	336650
42499	336650
65117	348749
460	336751	336659	336658	336802	336653	336651	336668
37903	336651	337174
12627	336651
55794	336658	336651
32212	336651
32213	336651
33541	336651
86037	451475
86035	451475
87362	336657
88694	336657
13953	336679	336653	336651	336650
52607	336668
73547	336658	336650
38300	336653
72212	336653
39632	336651
73543	337174
73541	336661
62896	337100
3089	336952
40621	451475
62898	22168
40627	451475
93155	336651	577072	336654
35271	337174
28978	337264	336651
94483	336679
40618	451475
84209	336651
40617	451475
68191	337174	336785
27641	336651
53940	337625
38302	336651
48585	336650
77913	336651
13003	336658	336650
52611	336650
53947	336651
47250	336654
38309	336651
77917	336659	336739
93148	336653	336657
94478	336651
94476	337045
8782	336838
65932	336651
28986	337045	336651	336924	336668	337231	336665	336714	337462	337174	336743	337125
64604	336651
28980	338059	336650
60248	336651
35269	336661
53950	336651
36597	336679
14346	339326	336804	337336
47244	336787	336665	392202	337092	469362	337174	336657	337100	337484	337084	22168	336661	337045	337077	337627	337165	337264	337023	336952	336658
81163	336653	336654
13014	338192
39626	336679
81160	336651
8792	336651	348749	22168	336661	337264	336653
96209	336653
11280	337623
36581	337315
35253	337089
64611	507846
28952	336798
490	337181
41935	337174	336658	392550	337045	337059	336665	336659	336751	390505	337231	337861	337621	336668	336896
89909	336658
89916	337305	337045	336659	336651
11289	336650
84222	336658
14312	337088
39615	451475
49890	393963
51308	336658
51309	336661	348749
11291	336751
48558	336650
47225	336651
47223	336651
15650	337861
11295	336651	336650
47224	348225
28965	336714	337084	336651	336653	336751	336658
93160	336650	336651	22168	337174
41925	336681	336966	336813	336952	336751	337627	337757	336804	337084	337088	338003	336653
64629	336652
85549	337063
84214	337063
28960	336650
81186	337174
39603	451475
44196	336653
84211	337082
39605	336651
36579	336650
39604	451475
12590	336804
7485	336653
64630	336661
65960	336650
11263	336659
12592	337045
65966	336652
41912	336651
28935	336679	348749
41907	336658
77950	338386	336650	336679	336787	336952	336653	336714	337084	337100	337627	393736	336651	392202	336658	337045
76622	336658
48541	336651
37896	336751	336739
51326	337590	336751
11269	337059	336651
77958	336651
76627	348749
11272	336650	336651
36550	393174
73598	336751	577072
96210	336658	336966	336650	336679	392841
28943	336650
96212	336661
93182	336751	336657	22168	393174	336650	337264
59299	336751
32191	336966	336679	393677	337336	336731	336735
32190	336658
73590	336650
85568	336658	336652
35224	336650
89922	336952	336679
15633	337861
11278	336650	336651
52665	348749	336751
85562	469362
15631	337045	336653
11277	337174
37889	336857
9200	337280
12571	336657	339326
9206	337280
45499	336651	336650
63322	336658
90940	337627
75301	392796
35218	336650
15608	336838
15606	336714	336653
77972	336651
89955	336651
60298	348749
50014	337590	336661
11245	336661
11244	336802	336651
11247	336804
36547	336661	336804	336651	348749	336650	336657	336717	337174	336713	336798	337305	336653
15604	336813	336657	336651	336650	336802
11246	336679
15603	337861
49846	348749
6189	336717	336679
65993	348749
45488	337045
62003	338003
28921	348749
72288	336787	336751	336776	577072
64669	336650
25896	336679	22168
28920	336679	336743
28923	348749
88618	337045
55711	336651
84257	22168
50024	337174
50025	336653
12585	336661
11258	336651	336653	336679	336751
36536	394640	336868	337623
12588	392550
85581	337264	337045
91376	336785	336787
70434	337096
91377	336787
37053	336653	337088	336802	336679	336651	337861
43731	409143
89052	336650	336751
70430	393174
13086	337088
57460	336966
29427	348749
83749	336651
82418	337174
38381	336650	336651	336653	337231	392588	337861	336743	336661	336681
43736	337174	336661
10811	336804
82425	517813
10814	336651
62809	336650
82421	336652
82422	393174
30427	336651
17447	348749
89057	336658
65085	336658
13095	337174	336653	336679
68126	336751	336661
9234	336714	336651
37040	336651	337305
95723	336658
40690	336651
90035	336658
74800	336653
70441	336651
49029	338003
13098	336651
68127	336650
13092	347311
56148	336653
83745	336658
77066	336650
31742	336668
31741	22168	337305	336679	348749
10825	336659	336653	336751	336868	337045	336792
28104	336661
31749	336651
31745	336661	336681
71787	336653	336679
71788	336966	336661
39693	336658
9244	336860
90067	577072
74811	336966
94428	336952
37034	348749
14395	22168	336681	337174	336802	336966	336714
39698	337064
38367	336658
71782	337174
94420	348749
81109	336651
90063	336966
77098	392202	336966
91393	348749
82446	337045	445784	336665	336714	337165	348749
82443	336717	336966
57488	336658
30406	337059	336659	336651	494047	337174	22168
49012	348749	336653
31732	336650
74805	336804	336653
9256	336653
89066	337045	336650	336651	337174	336653	336966	470701	348749	336664
94413	336650
39681	393174
38352	336651
39685	336653
94417	336966
38353	336651	337174
40677	336656	392202	336653	337100	337045	469362	336679	337084	336651	336762	336760	337023	337621	22168	470701	336787
61510	337174
82429	336651	336658	336760	336650	338192	336751	507846	392841	336792	384125	337627
83759	336651
90050	577072	336664
2614	336651
82436	336654
31720	336650	336654	336764	337125	336867	336679	336739	336661	336751	336651	348749
57499	336650
2619	392550	336653	336751	336665	336650	336651	336659	22168	337484	336658	337305	336679	337059	337100	336961	336896	336661
37029	336751	337627
95739	336650
94443	336650
31708	336650
70475	336650
40663	393174
89094	336661
90080	348749
62853	336652
40664	336661
81138	336966
59203	336804
83797	337623
81130	336651
37019	336868	336651	348225
68154	409143
69484	337076
53907	337305
93104	336654
68169	336650
74846	336653
53906	336661
14386	336657
74844	338329
74843	336751	336651
9270	336651
9271	337174
9274	336739	336651
90074	336653
86816	336651
59219	22168
82455	22168	336650	336751	337174	336731	337186	337100	337089	336659	336661	336651	336802	337627	336838	337462	336961	348749	336664	337094	494780	336657	336656
31704	336653	336952
39667	337088
37004	337843
37005	336679
47286	336668
82452	337082
74858	337084
53917	336650	336651
14354	336659
13020	336966
39654	336658
28998	336658	337063
62873	336650
9285	336661	336679
9286	337280
9284	337045	337174
2644	336657	336804	336679	336838	337021	337174	336651	336896	336653	336787	337623
86842	337174
2640	336679
38325	22168
53920	336650	337623
90098	337305
14361	336654
93124	337264
14364	336679	338339	336653	337465	22168	336714	336739	336804	336838	336651
73535	336650
95785	601013
38311	336651
40634	336653
35287	336661
9293	336651
62885	336787
59231	336650
9291	336731
35282	336651
41967	336651
86828	336651
9295	336679	336902	336731	336681	336751
59239	336653	451475
86838	336653
1325	22168	336787	336653	336721	336679
38313	336679
14366	336653
68182	337264
52600	336658
52604	336651
46964	336653
65249	348749
32323	337623
32320	336651	336743	336650	337305	336657	390295
34981	336966
53266	336661
12717	336651
77237	471772
33650	336651
89216	336653
89214	577072
71915	348749
34989	336654	336739	336960	336717	22168
86186	336868	336653	336751
33658	336651
12710	348749
24703	336661	336651	336787	336751	336668	577072
92854	336651
77220	336653	336661
12724	336650
12725	337059	337063
79884	336651
2676	348749	336651	336679	336787
2674	336651	336679
34970	336651
12721	336679
91519	336658
90220	336651	337174	469362
66596	336665
65263	336679
71944	336650
90222	577072
45612	337165
90223	577072
90226	577072
65269	336838	336659	22168
41258	22168	337088	392319	336659	392202	393677	337092	337023	336787	336661	348749	336966	336751
46945	336651
78585	337082
78587	336657
77257	336658	336679
90217	336650
92878	336894
90219	577072
66592	336651
65260	337623
56317	336652
33636	336802
66591	394640
91541	336650
42570	336659
90213	577072
90212	577072
92875	336661
91544	336651
53298	337627
57652	336679
53299	336650
90207	577072
89223	348749	336653
69643	336966	336653	336658	336813	336651	337059
89252	336650
91572	336651
42565	348749
43897	428084	336657
68310	386190	337621
43893	336657
90247	577072
33611	393528	336665
83956	336653
56337	348749
10978	336731
29582	339326	336665	336653	336658	337082	337045	336657	336679
10979	336651
30582	336651
10970	336739
95925	336661
10972	336651
70626	336652
89254	336657	336653
90231	577072
46911	336751
65298	336652
90234	577072
1391	336683	336653	337059
22963	336656	336650
30575	336651
95918	336650
33607	336653
10983	336651	338185
30579	338059
37194	336679
46900	336739
90266	577072
37197	393910
37198	339241
90268	577072
46907	336868	336762	337100
67009	467501
81308	336651
37193	336661	336679
28232	336679
10953	336650
10955	337782
10957	336654	336679
10959	337089
49177	336658
49176	336652
49174	336651
34922	336966	336679	336653	337336	336651
30568	336657	336651
37183	336650
37185	336657
91583	336751
68343	336651
70662	337285
34909	336657
37189	386896	336651
3112	336651
91581	336679	336961	336653	336739	336651	336751	22168	336714
42534	336651
55032	336650
3107	22168
81305	336679	336661
10966	336651
29578	336651
82632	337045	336966	336714	336751	577072	336868	336661	336679	336651	336650	336657	22168	337082
49165	336650
507	506146
49164	336651
64790	336838	336653	336961	22168	336654
43054	336651	336658	338003	336802	336659	336656	336966
95059	336650
8810	336787	337089	336653	336751
36760	337174	22168	390295
64799	336653
3121	336966
31073	336651	336653
15829	336679
76781	336651
51484	336651
76785	336650
34100	336653
31077	336650
10132	392550	336804
76788	336650
55846	336653
83079	336657	336656
86101	336651
10133	336653
83073	390505
10135	336713	337485
15823	336650
11468	337084
44379	336658
63474	336650
74128	336653	336679
8821	336651	336751
43046	336653
63479	394183	336804	336894	338220	336799
67835	336650
47407	470701
8819	336651
76772	336650
88759	336658
8813	336661
10143	336896	337045
87423	392202	336868
87424	336661
11473	337260
83068	336651
87421	392705
36754	348225
11478	337174
8817	336679	336654	336661
8818	336679	336653
11479	22168	337076
3144	336650	336751	336653	336665	336654
32383	336656
80815	336653
54530	337305
15807	336679
32388	336651
32389	336714	336787	348749
78500	336665	337059	337045	336659	336679
32387	337174
3135	336650	336651
536	336679	22168	336651	336657	336664
10110	336751	337045	336679
36740	336650
79838	336661
8822	336751	336679
53205	336650
8829	336787	337096	336661	336656	337088	336717	337174	336714	337090	337045	336650	336653	337465	337059
12778	336653	22168
53209	336651
12776	336804	339326	336650
67850	336751
62163	336651
44353	390505
8840	336653	336679
75475	336679	337045
66526	336717
48717	336661
543	336653	337125	336650	336679	336654
31042	336657	336659
32373	336651	336751	336665	336714	336679	336653
50189	336651
8835	336787	337090	336804
10121	337620
79824	337174	336664	336650	337089	337264	337462	336813	336653	336679	336665	336966	338003	348749
11451	336661	336651
36731	336665	336924
12782	336651
12783	336651
11453	336839	336656
12788	338088
36733	336751
87442	336653
35408	336679
10127	336661
11458	336651
10126	337088	337174	336679	336739	336665	336656	336651	336751
67860	336650
8851	336679	336879
66532	336650
12759	337174	336804
53220	336922
50196	336651
36729	337076	337063	337264	337236	337100	336896	337045	393797	336679	337336	336751
12758	336802	336651
33698	336651
50197	336650
78525	336650
12751	338003
87477	336653
11420	337088	336760	336802	337063
92818	392550
31039	336661
36723	336651
11424	336661	336653
86142	336653	337174
8849	337177	336966
12754	337077
92817	337581
87460	336714	336735
8861	336804
66540	336658
8864	336679
66544	336653
80829	336868	337941	386896	336661
75496	336735
44338	336653
3171	336679
11437	336661
12768	336659
36717	348749
33685	336651
31023	348749
58929	336650
10101	336896	336651
92801	336651	386896
10100	336651	336650
10102	336653	336961
11435	336650	336659
45655	393174
87493	336658
67887	336650	336804
8876	336653
6211	336679	336665
8873	337084
92841	577072
32346	336651
36705	336654
573	336656
54572	336650
11406	336651	337174
11409	336802	336651
36709	337084	392841	337626	393174	337264	336661	22168	337861	337096	336683	336751	336658	336668	336650	336659	336739	337174
31012	336785
54576	469362
91506	336651	337623	336804	337690	336650	336739
87498	337089
91509	336654	336651
62191	336661
58937	336652
8883	336839	22168	336879	337059	336896	336657	337231	336952	336650	337174	336668	336961	336659	336661	336717
45646	336661
8881	336651	336679
46973	336651
66565	337186	336804
65237	336650
8885	336650
32333	336651
54583	336659
32334	336661
77201	336651
32332	336651
12740	336679
8878	336743	337063
32339	337305	336661
87486	337627
11414	336651
33668	336658
31009	336650
32337	392705
15780	336743
93279	336656
71002	348749
7566	336679	336651
93272	336651	337264
59363	471772
74991	337231
590	348749	336751	336868
93274	336651
47376	336650
52732	336661
18810	22168	336679	336657	336731
81290	338368
81292	548821
14459	337305	336804	336679	336651	336657	336838
13128	336651	336804
71019	393174
72349	336651
13133	336804
15793	336797
13131	336653
15792	336797
73673	336661
59374	339326	394640
35382	337174	336651
81287	337621
60367	336966
60366	336652
58049	348750
39744	336792	336659	336650	336812	336681	337100	337338	337621	337625	336717	336679	336799	336961	337073	337462	347311	337623	337084	336838	336657	22168	337622	452859	337264	451475	393797	336721	451434	336804	338185	339326	393174	337059
7568	22168	336650	336653
38414	337174
8899	336945	22168	336650	337082	336657	336654
48694	336665
46030	336653
38419	336894
76719	336651
71028	336650
72358	337064
40722	336668
72354	337100
34042	336651
72352	336651
88705	494047
85676	336665
84347	336658
10077	336651
83010	336657	336651
46023	336656
47352	337174
46021	336661
14433	337305
10078	336651	336650
52754	336650	337076
51427	336650
60371	336652
10080	336651
71035	336683
10085	336661
40715	336661
40706	336651	336650
40705	336896
86999	577072
84337	336657
52761	336650
35365	336982
46011	337100	336651	336743
15774	336651
50104	337125
39728	336792	337045	348749	337092	393944	336650	337023	337064	336787	336679	336654	393948	336659	392841	336804	337177	336721	337100	336656	337484	336764	336952	336896	337861	336812	337186	336658	337305	386896	336924	337077
9301	336751	336653
11382	336714
15740	338058
11384	336739	337125
63422	336653
75402	390505	336651	339326	337174	336681	336658	469362	337045	336679	336664
51441	336651
84367	336651
46000	337264
36685	336679	336651
11386	337919
39710	451475
76747	336653	336802
11387	336952	337045	336802	337919
15748	338058
39714	337174	336651
50117	336657
10058	337059
15746	336654	336651
95008	336679	336651
11390	336657	337086
10062	336650
75415	348749
9314	337045	337397
75411	336650
96333	336653
71053	336651
35346	392550
35345	392550
34012	392841
83027	336652
83022	336966
36674	336651
55814	348749
84353	393910	336857
50125	336713
76734	337174
10065	336679
84355	336785
10067	337045	336651
36678	336804
85682	336651
15758	338058	336828	336731
15757	336751	336961	337165
11360	336651
67800	336653
9327	336651
10031	337174
9324	336668	336651
11362	337076
64777	336650
34000	337861
72394	348749
96362	336717
35335	394640
34003	339326	336651	337125	336665	336739	336653	336961	336751	392841	337045	22168	336657	336714	337305
76763	348749	336661
35333	338339
87412	451475
37994	336751
87413	451475
50135	336650
88742	348749	576842	336653
36666	336658
84387	336650
10037	336651
15726	338058
9333	336651
64781	510490
10040	336653
37980	336751	336679
11372	337174
71078	336922	337082
62129	337236
67818	338220
15739	337174
35326	336651
87407	336650
76751	337174	577072	336714
83047	337954	336650
32296	336792
76754	337174
36652	336658
14402	336650	337174
88731	336661
36655	348749
14405	336661	337305
11379	336651
37988	336651
11378	337627
37172	393910
69566	337620	336661
37174	393174
9343	337063	336739
90169	577072
69568	392202
43858	339326
56251	336651
90161	577072	336787
31872	336651	337623
10931	337627
10936	336650
10938	336661	336679
83875	337623
10937	337174
49158	336651
34907	393797	336659
31879	336966
2708	336804
74908	336651
31876	336658
31875	348749
31878	336868
95844	336653	336658
90155	577072
9357	336665
77182	393174
43843	336982	336961
83859	336651
90150	577072
61614	338339
90152	577072
61615	336658
77188	336868
31860	336650
10945	337045	336653
30532	336751
30531	336658
81200	336651
10946	336896	337621
49147	336651
49145	336857
69573	385184
69572	336651
89167	336799
10940	336651
13183	337174
93214	336679
9366	22168
13181	336650
13182	337174
94542	336651
73602	392841
90188	577072
10907	336731
95870	336661
43838	337621	393948	22168	337305	336651
10909	390459
10908	336651
90180	577072
9362	336651	336661
9360	336661
56271	336659	348749
90184	577072
83898	336650
10912	336651	336659
82563	336658
29521	337076	336651
81234	494047
13189	337174
49131	336658
74927	336665	336651	337264	336760	336714	337045
90176	577072
13195	337174
40790	336679
90175	577072
74945	336653
68267	336654
13192	338003
90178	577072
13199	337174
13196	337174
93204	494047	336657
37146	336751	339326
94535	494047
10918	336661
90170	336653
40796	336651
9373	336651
62966	336650
81219	393174
9372	336651
1400	336658
82553	337082
82554	336650
38478	336952
81220	336650
14492	337305	336651
13161	336857
13162	337059
39795	336661
38464	336651
37135	336804
62972	336654
9380	337088
8053	336679	22168
29508	336651
61639	336651
85611	336651	336679	336653
13169	337174
81251	337889
13167	337174
38469	336650
90197	577072
13170	337174
68289	336665
9398	336650	336651
13176	337174
39783	336802	336741
73633	336679	336751
38455	336952
9390	336650	336679
90191	577072
90194	577072	337954
90195	336966	336650
34092	336679	336661
10901	337305
2755	336651
1422	22168	385184	337059	337174	336654	336656	336659	337063	336650	336653
1421	336654	336879	337805	336651	22168	336922
81240	336651
13178	337174
82573	336656	336653	336654	337125
13179	337174
46076	22168
68287	336653
52702	336651
74959	336658
72318	336652
72313	336658
14474	336813
39775	336653
34088	336654	336651
59341	336658
8072	22168
40768	336651
60329	336658
8074	336659
60332	336651
58016	337165
13147	337174	336665
39777	336651
31816	348749
81275	336650
37119	22168	337059	336650
46061	348749
64700	337174
58022	393174
61676	336868	336658
58024	336651
26460	336651
85623	392550
81265	336658
60345	336651
81267	336679
38435	337089
13157	337260
82591	336650
90320	336651
76020	336659
11503	336751	336653
1458	336802	336653
12837	336804
12834	336651
11509	336894
90318	577072
11500	337174	336651
12830	336650
11501	336650
88000	336652
64043	392550	336966
86291	336651
70723	336650
39069	336650
90311	336650
39068	336798
90314	577072
44419	337084
11516	337627	336650	348749	336651	394640	337621
33761	336659
77346	336657
57751	336650
76015	336650
33760	336717
89327	336653	336658
92967	336651
89324	336650
86298	336653
11513	336651
86295	336658
31107	337059	337305	336679	336651	336653
11512	337260
44400	409196	336787	392202	339326
68411	393174
70733	336650
64057	336658
91678	336658
40048	336651
77374	337174
76043	336679
52074	336650
77377	337264	336659	336922	336679	337089
12818	337336
1476	336653
91668	336650
5836	336804	336664	337627	337088	336651	336665	336661	336792	336681	336650
64052	336650
68422	336661
39044	336651	336650
42691	336651
65399	348749	336651
1492	336714	336651	336653	336679	336650
56440	336650
77360	336661
78690	336651
24801	336751	336650
77362	337082
5849	336739	336838	337125	336743	337021	336665	336679	337059	336650	336751	336654	336657	336658	336896
32412	348749
78699	336653	337305
1488	348749	337174
12828	337305
90328	336651
12822	336867	336966
65393	336651
94721	336661
90363	577072
91693	469362
70750	336651	577072
67107	336653
90366	336653
77391	337305
45719	336651
77394	336658
76063	337082
77398	348749	336868	336659
77399	336661
94716	337181
69760	348749
70749	348749
68444	336679
70767	336658
45701	336751
91683	22168
91689	336658	348749
90358	336653	336658
5873	336656	336651
90357	577072
56461	336650
40015	336661
90350	337174
3208	336776	337485	336804	336966	337088	336802	336714	392841	337100	337782
55135	336651
81401	338255
30694	336679
12804	337077
30690	336651
55138	336651
56465	336651
90348	577072
88038	336679	336653	336650
88036	336653
88065	336658
5881	577072
40002	336679	336751	337174
94746	336651
90388	577072
56473	336651
82758	577072
61822	336651
82759	393944
81437	337264
49290	336651
81433	336651
8902	336651
70769	336650
30688	337084
8903	336651
43983	336653	336966
94731	337174
68466	339326	348749
8920	336651	337125	336748
70782	337125
89380	336650
43980	336651
42656	494966	336651	336679	337397	337063
43988	336651
79100	336656
90372	577072
42658	337174
76075	336658
76076	336651
49282	336650
30672	337861
76078	337174
61827	336652
81422	336650	337045
29696	337125	336739
8913	336651
39009	336661
33706	337089
33703	393528
68462	336650
30676	336652
83190	336661
66611	336924	336665
10251	336651
62257	336650
95179	336868
23569	336651
95170	336653
35557	336651	336652
53302	336651
10253	336651
11583	336651
79934	336658
53306	336668
10256	336868
8925	337203
88880	336748	339326
80907	336748
48854	336659	336657	336868	336679	336653	336665
11591	336802
8941	336651
10260	336804
67954	336739	336812	336751	392202
11590	336651
47520	336650
10262	338185
67959	336751
34215	348749	336717	336739
35545	336651
34213	337305
86218	336661
11595	337045	336665	336661	337305	336658	336656	336654	336813	336651	336743	336952	337077	336679	336659	22168	336650
36872	337174
15953	337024	392588	336739	336924	337088	336961
44492	337063
88875	336651
8932	336657
8933	336651	336653	336804
11596	336679
87543	336658
87540	336653
8939	337203
86210	336651
88870	336651	336659
34219	384125
8937	337203
67964	336651
12891	336651	347311	337861	337621	336657
8950	337203	336813
8951	337203
27901	337174
47518	336657	336952	336651	336804
15928	336751
34204	336651
31175	337045	336751	336731	336665	336735	336661	336679
31174	336751	336952
80941	336658
31177	336679
35530	337861
11561	336651
92911	336650	494047
53325	336650
8944	337203
43152	336650	337089
79958	556303
8949	337203
11565	336651
8948	337203
62282	337174
66645	393797
32493	348749
32490	336651
24887	337045
74263	348749
65319	336650
95184	336650
31168	336679	336657	336896	336751	337623	336808
36858	337174
52000	336661
86237	336714
55995	336681	336679
668	336714	336650	336739	336812	336751
11573	336798
11572	336896
8955	337203
10246	337045
79949	336653	336961	337100
92907	556303
8959	337174
8970	336651	336802
45798	337954
87592	336792
62295	336652
43138	336651	336653
67981	336651
8975	336679	337174	337092	336653	336787	336751	336804	336838
32481	336651
32482	336651
65326	336650
3282	336804	337305
78640	469362
15904	336679
35513	393910
32488	336658
32486	336804
78646	337264	336659	336665	336653
80961	337165	336868	336751
32484	337861
92935	336661
57708	337174
12870	336751	336966
77318	336804
11541	336802
43130	336658
36845	336651
35517	393517	336650	337623
6309	338059
6320	336650	336661	336665	336802	337059	348749	336653	337305	336654	337045	336966	337264	337954	337186
66661	336651
44457	336812
92931	336787
32471	336651
43129	336658
10228	336653
35503	337084
77300	336650	471772
32474	348749	336966	338255	338185
32475	337174
92928	336658
8993	337203
91630	336751
7661	336659	336654
64014	336651
8996	337223
5002	336651	336653
90302	336654	336657
44449	336658
39095	336658
11526	336651
12858	336650
76002	337045
11529	336665
31130	336650
36821	337264	336665	22168	337465	336664	336966
11522	336679
86271	451475
66685	336739
45767	336650
31124	336952	337623	337059	336679
52041	336650
31120	336658
36818	348749
52048	336651	336657
10209	337465	337236
79987	348749	337045
77328	336679
6339	336661
36810	393174
33789	336651	337305
7683	336739	337125	337174	336764
92068	336658
13242	337174
71125	336652
13243	336651	336653
31907	336651
79093	337621
79095	336679
92065	392841	577072	348749	336654
34181	336679
93395	393174
13244	337174
13245	336651	336751	336679	337059	336658	336952	348749	338339	336966	336714	337064	336657
37216	22168
47495	336924
51525	336652
37219	336651
13253	337088	337174
38530	337305	338386	336653	336650	336651	336657
13251	338088
73796	337174	336651
96415	336651
46157	336924
64845	336657
40855	336651
83103	336651
34177	336714	337100
84435	574203	393174
37205	339241
76815	336650
6374	336658	336751	336966	348749	22168	336657	336659	336665	336714
75502	336653
9401	337174
9402	336679
35495	336748
83139	337186	337264	336665	22168	337045	336651
40837	336661
52872	336661
60499	337174
84469	336651
10198	336651	336966	336717	336650	336653	336804	337627	337954	337626
14555	336739	336679
15886	336679	336651
39855	336650	336651
60490	337174
95109	336650
58180	490817
96435	337063
14560	336798
63532	336653
72488	336966
62202	336654
95100	337165
35482	336804	336651
71153	336658
83125	336658
35489	22168
35487	336651
50222	336650
85787	337100	336751	336654	337045
13236	337861	337889
14564	336653
76834	336661
9405	336679
85782	336651
84454	556303
13234	336804
13239	336804	336651
85780	336658
39849	336751
13238	337174
10170	337174
95137	336966
43099	336658
9423	336896
95134	22168	336966	336785	336653	336804	336651
71163	336651
38509	337861	336659	336751	336651	336879	338339	336665	336804	337484
87517	392550
52894	348749
51566	336804	337174
13202	336739	336802
48781	337264
38504	336751	336657
10181	336679
63550	336650
15872	336651
64883	336652
43088	337174	336717	337088	336785	337305	337889
10182	337063	336799	336804	336860	336651	336659	337059
71179	506146
35463	336651
64887	336651
75533	336651
67913	336658
35462	336653
64889	336679
95124	336658
63558	336879
67916	336966
34138	336653
55931	490817
76852	336650
9427	337174	336751	336665
83145	336650	336739
15873	336802
9428	336679
14548	338003	336802
15878	337125	336654	336651	336804	337174
84472	336650
39826	337174
9441	336751
75549	336661
64894	336651
67920	336651
75545	337125	384992
75544	336651
34121	336751
31094	336739	336650
62237	336650
67923	336651
31091	336668
31098	337274	337462	336659	348749	390505	336802	390998	337059	336665	337089	336653	337174	336651	336966
50253	336651
88868	336650
76885	338059	337626	517725	336764	337623	336804	393948	336658
55940	336924
87536	336661
51585	336651
10154	336661
55946	338058
15841	337174
83178	336661
11487	337064
87532	336651	336657
14515	336751
14516	336665	336651	336743	338003	336813
11488	336651
83174	336651
10159	336751
8124	336679	22168
9455	336651
47428	336656
26509	336838
9458	336656	337465
10160	348749	336804	336731	337484	469362	336661
10163	336798	336679
43068	336653	336743	337059	337174	393174	336785	336651
35440	337305
9450	22168
9451	336717
31080	390295
34118	336679	336787
50260	336868	336681
34117	336650
50261	336661	336657
88859	336651
35445	336751	393174
87527	336868	337305	577072	392368
31088	577072	336653
84496	336651	577072	336661
83164	336661
36774	336651
50267	336651
10167	336653
8118	336657
9449	336751	336650
14527	336813
79905	337462
36778	336731	337084
15855	337174
8135	336802
67026	336679
9463	336751
9464	336793
67027	336661
56371	336651
28339	336665	337264
29669	336651
70670	336658
9461	336650
41319	336661
41317	336896
90283	577072
29662	336658
83994	336857
82663	337063	337627
30660	336656	336872	336868	336651	336751	336650
93307	336658
68352	336657
95965	337100	336751
8143	336681	336656
68366	336653	336679
95967	336658
95968	336714
94630	336658
90276	577072
95961	336650
90279	577072
8148	336661	336656
81317	336653
9473	336793
37280	336681	336679	337305
8140	336717	22168	336735	336785	336786
55058	392550
60404	336651
81325	336658
30652	336658
79007	337305	336653
82651	337084	393736
81320	336966
81323	336650
31988	336658
31987	336651
37271	336650
70699	577072
9485	336714	336653	337059	336764	336657	336665	336661	337305
68376	336679
95995	601013
37277	386896
95992	392202	336787
85709	336658
9481	336896	336739	336665	336812	336764	336679	22168	336658	336751	337305	337084	337045	337088	336650	336656	336683	336760	336653
55063	336751
60406	336650
60416	336651
79036	336651
31971	337861	336739
31973	336651
49256	336658
1519	336751	336657
81352	336658
30649	336787
68375	336748
90297	336651
37260	348749
8165	336653	336787	336679	336741	336751	336665
37262	338321	337100	336661	337484	336838	337088	336739	336868	338428	336776	336760	337623	336650	336668	336679	336743	336656	337174	337045	337096	392202
68387	22168	336679	336896	337096	336653
94652	338386	337954	337090	445784	336668	336961	336651	517725	390680	393517	336650	336661	576842	336751	337305	337064	337045	337581	336658	336653	336679	337059	348749
73732	336751	336653
9494	337174
9495	336652	336650
90295	577072
9493	336652
29650	337089
55077	337174
1521	336651
8178	336653
13282	336679
92023	336653
37252	339241
37253	336813	22168	336650
13287	336651
61759	336652
58116	336651
30626	336661
60430	393797
38589	336802
30622	336658
30621	337174	337623
52813	337077
81370	548821
94676	336665	336653	336658	336787	336961
38570	338003
72422	336658
40897	337045	336961	336651	336653	336804	336650	336661
79041	392550
94671	336748
8184	22168	336838	337485
85726	336721	336657	336751	348749	337045	337100	336952	336659	336653	336651
59459	348749
80033	336661
85723	337623
81366	336651
58126	393797
67073	336653
30614	336658
13299	336651	336679	337181
46196	467193
46194	467193
13260	336651
39890	336650
13261	338220	336751	336679
39891	336679	336653
71106	494047
37231	336651
37232	336661	336651	336658	393944	337167	337581
37233	336657	336653
46189	394183
73762	336661
79071	336679
8191	336653	336945
64811	336651
2889	336679
1557	336651	336654
60458	348749
31934	336650
84421	336661
52837	348749
72429	548821
51505	336651
92034	336786
92035	336651
38552	337305	337059
71112	336661
31918	336651
94690	336657	336961
79065	577072
84416	336650
52840	336653	348749
2895	337045	336657	336661	336665	337465	22168
60466	336652
85743	336650
46176	336653
52844	336653
84410	336661
60461	336650	336679	337305	336651
51513	348749
38558	336760	336653
31920	339241
90440	336966
69842	336650	336651
55201	336751	336679
82823	336661	337084
12956	336651	348749
52178	336653
88127	337623
57868	336650
69853	348749
40174	336652
39188	394640
43204	336651
68526	336924
39189	336966	336804
45862	336657
5950	336653
43207	336650
77461	336650
36913	451475	336751	336657	337174	336651	445784
12968	336679
77462	336650
12966	336653
1589	22168
10307	337024
36916	336651
12967	336804
33882	337045
57871	337077
88113	336661
10301	336650
11631	336661
11634	338013
89442	336793
11633	336656
90462	577072
89472	336658
91793	336658
67205	337082
70851	336802
68534	336651
45850	336650
97099	336661
76163	336650
11605	337623
97090	336868
82840	336650	336679
97091	336650
41491	336650
11601	336651	337174	336657
94819	336661
88144	336658
11600	336802
88143	336679	336658
20564	336650	336651
70865	336653	336679
64187	336650
94813	336658
39168	394640
90454	577072
68546	336924
69877	336652
69876	337088
82828	336651
97086	336653
39161	336896
4639	22168	336679
12946	338185
32534	336651
55233	336650	336651
12947	338185
12945	336802	337088
32530	336661
11617	337094
94804	336654
91779	336966	336681
89464	336651
39155	394640
39157	394640
39158	394640
3321	336751	336653	336714	336867
44507	337174
82857	336650
82858	336650
76184	336966
45837	339326	336751
90482	336650
32520	336739	337125
12911	337089
59605	336652
55242	336650
81536	336894
55249	337174
12917	338058
79215	336651
32528	336651
5975	22168
59606	336651
64195	338262
719	336659	336651
89496	336651
32525	336650
41462	336804	337089	336653
39142	394640
24904	336679
39144	394640
73910	336651
90477	577072
90476	336650	336658	336714
90479	336661
15198	337621
15192	336679	336653
45823	337045
15191	336651	337045	336661
61933	336868
39140	394640
721	336651
39149	394640
32513	336653
89485	336651
39135	394640
39134	394640
68579	393174	336650
40122	336652
39136	394640
41459	337088
85909	337089
60605	336650
40129	336650
79234	336751	336966
32500	336813
48082	336797
79233	573326
48083	336658
85911	336664	337100	577072	336657	336650	494780	336679	22168	337045	469362	337264	336659	338003	336966	336658	337625	470701	337059	337174	336813
32509	336966
88187	336661	336793
67240	336651
88175	336651
36092	336657	336785	336659	336651
36091	337626	393174	336661	336653	336650
72601	337174	336650	348749	577072
90497	336651
15178	336665	22168
93524	336762
76193	336650
82869	336679	336653	22168	337174
36096	337174
60616	337174
60625	336652
30793	390295
12900	336804
81547	336651
30795	390295
59632	336651
745	336751
94849	336661
68583	336735
59639	336652
30799	390295
62371	336651
65402	336651
10371	336650
74352	336650
35678	336651
13406	338262
38709	336838	336679	337305	22168
34346	336661
33016	336651
35677	336651
34344	336661
35675	337264
78720	336650	336679	337045
86347	337082
78722	336651	336661
53421	348749
10373	336650
757	337090	337084
10376	337174
53425	336896	336717
13402	336751
87671	337045	336651
10379	336651
46312	336657
10381	336665	337285
46311	467501
35660	336651
35667	394183
34335	336650
85005	336651	337045
35664	336651
33000	336653
35663	336651	336659	394640	336679	336653	337462
88998	336661
88996	336657	336966	22168	577072	336731
36994	336661	336651
36995	336966
14741	337624
10389	337174
13416	336804	336751	336679	337305	337125	336656
13414	336651
87690	337059	336868
46302	338255	348749
48963	336652
36981	336653	336679
65426	336661	336652	514309	337174	336650	337045	336656
47638	336922
770	336751	336868	394640	337305	336653	338339
35658	336651
34326	338329
35657	336748
57801	336650
35653	336651
35652	336651
34321	336764
35651	336651
53448	336651
36982	336659	336792	393797
10351	336653
77416	336651
77417	337174
10355	336651
10358	337174
44596	338192
97004	336658	22168
73056	336658
36979	348749
57811	336739
34314	337954	577072
35644	336651
85027	336792
35640	336651
86359	336651	336650
2057	337084	336787
57817	336650
86357	336653
57818	336650
77407	336966
6417	336651	337063	337077	336799	336966	337623	336653	336764	336657	336748	393174	336812	336751	337174	336668	337305
77409	336966	336751
10369	337462	336653
14722	336681	336665
35648	336651
66772	336894
48945	336651
2077	337805	390295
97033	336966
34304	336679
10339	336785	336651
52136	336657
34300	336679	336658
76105	336653
12994	336802
11660	336651
11662	336651
11665	337174
12997	336651
10333	336802	336653
86383	336651
11666	336681	336802
12996	336804	336802
44579	336661
47601	336650
85040	336652
65455	336651
11670	336651
32592	336802	336651
52143	336651	336961
77426	336657
11672	337024
10342	336653
85041	336658	336652
36955	336661
61094	338192
64131	336653
2098	336657	336966	22168	336679
11647	338013
31255	337100	336679
76121	336651
11649	338013
76123	336714	336657	393948
10317	336661
52158	336650
32582	336802	337462
88108	348749	336751
88107	336650
12971	336650
90416	336651	337625	336668	336714	336653
70807	336966
11640	338013
35619	336650
70802	336658
12976	336802
56516	336651
11642	338013
89430	336659	337186	336896	337203	336651	336658	336731	336802	337082	336652	337757	336764	337045	517725	348749	337223	467501	337861	336868	338428	336656	337305	336679	337690	337090	338262
65479	336650
48917	409143
45889	336656
10327	336653	336679
11658	336751	336681
32578	337063	337186	336679	336650	336664	337187	336665	336651	337045	336813	336838	336717	336661	336714
73094	336651
32576	336651
36938	336651
89425	336653
90403	577072
12980	336651	336799
86398	336650	336658
76119	393174
36930	393944
11654	338013
11653	337484
75602	393174
64950	336661
40984	336650
29705	336653	336679	336665	22168	336804	348749
63628	336658
64949	337174
30703	336804
13367	337063
30702	336792	390295	336657
30705	336661
38668	336651
13366	337777
30704	336894
38669	336650	336651
85891	336651
96537	336661
46277	336650	336679
96536	386896	336654
40975	336650
64968	336652
72580	548821
88914	336651
84555	337082
26682	337174
46275	336651
80193	336650
37324	337174	336656
52985	336653
51655	336658
51657	337627	336653	336651
85880	336658
9525	337305	336679
46269	337076
39972	336679
13340	337462	336651
88947	337077	336651
52991	336653	336868
37312	336651
13346	336657
37313	336651
47596	22168
13343	336961	336651	337623	337919	336654	338368	336657	337336	337231	336679	336762	336653	337264	336742	337305
39977	336650
39976	348225	337623
13349	336679	336961
46260	336658
9519	336679
13348	337305	336653
5176	336651
47589	336661
14682	336751
9534	336743	337186
74301	336653
95223	336654	336651
87605	336651
83248	336650
88932	577072
37301	336651
83241	336653
76954	336868
46250	336751
38639	336717
9541	336787	336654	337045	336652	336651	336650
13320	337174
9547	336650
10295	337462	348749	339326	336664	336681	336802
64996	336651
35594	336658
75642	22168
35592	336651
64998	337623
35591	336658
96581	337581
86303	494047
13321	336896	336659	336793
87630	337186
15983	336804
87631	577072
83271	348749	336661
15989	337861
38628	337484	22168	336668	336679	336651
47569	467193
62342	336661
96579	573326	336657
71299	336652
14660	336679
25313	336661
75651	336651
40934	337174
40933	336661	336751
66706	336653	336650
40925	336651
50363	336651
84598	336651
76973	337174
88954	336658
40929	336804
76975	337088
8217	336679
8218	336654	336661	336683	336731	336650	22168	336653	336714	336739	336764	336665	336658	336760	336657
54729	339326	393910	336787	336679	336653
38614	336651
48890	336650
13336	336654	336868
15999	336751	336658
47559	336651	336661	336679
73009	337174	337305
73006	337082
10270	337088
48885	336652
8236	336665
62356	337174
75663	336651
66719	336657
22250	336804	336651
87656	337174	577072
34244	384125
88987	337059	337089	336651	336748	336868	337045	336653
15964	337623
10277	336679	336804
43196	336653
10276	337088	336966
88983	336651
14636	336654
38605	336679
10280	336959	337077	22168	336665	336799	336650	336659	336658	337084	336743	336651	336717	337187
63693	336651
48875	336650
15970	347311
34231	336661
63698	336661	336650
27953	337264
96596	337174
34230	384125
26626	337174	336650	336802	336656
87649	451475
39929	336650
86317	336651
87645	451475
34232	336653	337165
87643	451475
53416	577072	336739
87644	451475
87641	451475
10288	337089
83281	336651
36082	336679
88085	336653	336661
67144	337581
92100	336748
93438	348749
40101	336743	336792	337045	336872	337336	336804	336838	336659
15144	22168	336679
93436	393174
15143	22168
70792	336651	348749
59520	336651
61842	336751
36086	336679
48060	337581
29783	337082
29782	336650
81452	336658	336652
82785	337623	336661	22168	336658
2949	336653	336952	336714
93428	337264	517725	336658	336657	392202
30786	336651
48062	336961	337063	336679
30788	390295
67158	337861
67155	337088
72502	548821
8265	336664	337090
41421	336653	336661
15155	336650	336653
9599	336656	336802
93425	336651	577072
73830	337775
55171	337088
76093	337484	337094
36075	336665	336679
8262	336792
9594	337024	337397
90391	577072
76096	336714	336966
60516	337077
30772	390505
30771	390295
30774	336804
29791	336658
30773	390295
81441	336748	336812
29797	336658
59534	336650
68481	336651
30776	390295
42740	336799	336681
92125	577072
41411	336813
37397	336650
37399	336650
36066	338412
36065	336751
92121	336651
42746	336661
55183	336651
41416	336656
49370	336650
30760	390295
55187	336679	336653	336739	336650	336751
30762	390295
1631	336679	336653
36069	336650	336731	336751	336651	336679	336661
48045	336792
30765	336651	390295
48041	336751	337174
30766	390295
94776	394183
8289	336653
16461	336651
8287	336785
15135	336966	394640
93449	336657
92117	337084
2980	336681	336665
29779	336651
79140	336665
36055	336656
36053	336751
61877	336650
37380	336802
58229	336679	336653
1643	337481	336679	336651
30751	390295
29773	336656
48035	336751
82793	336653
30759	390295
30756	390295
48030	337174	336751
30755	390295
8297	336799	336651	469362	336717	336828	336658	337045	336802
73867	336651
96502	336653
37376	390505
37377	348749	336651
96503	337623	336650	336651
8291	336650	336679
58231	336651
73860	336651
36045	336751
61884	336652
79176	336650	336658	336652	336679
1654	336650	22168	336751	337231
24054	336651
36048	348749
49356	336654
30749	390295	390505
30748	390295
30745	390295
61892	336868
59573	337125
42717	336793
42711	336650	336651
64923	336651
36030	337084
79166	336657
64925	336653
85845	336650
36039	336651
81485	348749
36037	336679
29751	348749
84512	336650
60562	336651
48012	336653	336651
51611	336679	337100
30732	390295
30734	390295
13382	337174	338255
52948	336650
13380	336651
73884	336651
71223	336650
72551	337100	336651	336661	336714	336751	336654
93496	337174
59580	336651
64936	336657	336653	337125	336679	337305	336650	337174	336651	336658	337627
29726	336804
85878	336654
36029	336961
88903	336651
36028	339326
59587	336651
26696	337623	336651	348749
60574	336653
36025	336651	337084
13389	336679	337100	338321	336657	338339	336868	337336	336787	336751
51620	336679	469362
85873	22168	337125
30724	390295
13387	337484	336776	336651	337089	336808
76923	336661
13388	336868
96519	336735
30721	390295
30723	390295
30722	390295
96518	336661
71238	336650
13395	336945
24047	336651
79185	348749
29738	336658
63617	336652
52960	336668
58269	336653
36014	337084
51631	336751	336661
76910	336651
30713	336857
30715	337077	338428	336657	336656
50305	336650
80173	336651
67300	336651
69967	336651
44662	336653	336751
97197	336653
76261	467501
11745	337063	336661
10417	336661
97195	336653	336651
55328	337264
45990	338003
91889	336952	336792
11742	336651
11744	337623	336966
35714	336651
67312	337064
45986	336651
44652	336658
82924	336661
11757	336657
29034	337315	337174
55330	336651
10429	336802
54005	336651
55334	490817
29036	336804
35708	336651
91878	336651
88234	337174
11753	338013
35706	336751
35705	336651
40291	336751
88233	336650
11754	336679
40284	336652	336751
93614	337626	336764
93611	336651	336650
39290	394640
33996	337059	336714	392368
76286	336653
76287	336653
55348	490817
32662	336651
11720	336651
32668	336651
68665	336658
88250	336650
20681	336799	336657	338412	336651
40275	336653
40279	336798	336658	336896	337264	336679	336657
45966	336661	337174	469362
39283	336748	336867	336665	337627	336661	336872	336717	337305	394640	392841	336896	337059	337045	336751	336924	337174	336653	336879	337336	337264
39282	336657
43307	336651
32654	348749
60702	337627
55355	490817
82952	393174
11734	337045	336751	337174	336679	336651	337090	22168	336656	336660	336665	337077	337336	336804
81622	337203
29012	348749
33983	336739
10405	339326	336651	336802	336661
33980	336653	336808
10409	337174
823	336808	336751	336714	336651	336739	336653	336802
10400	336802
59716	336651
10402	336650
59719	336652
21983	336659
94960	336751
66012	516754
41597	336650
78000	336751	337484	339326	336735	336656	336658	336665	336681	337045	337084	337092	336714	336713	337941	393174
45957	348749
78002	336751
60711	336651
33973	336966	336838
3436	336651
11703	338013
11706	336751	337174
79339	494780	573326
54037	348749
82984	336679	337089	336651	337186	336653	451475
79338	573326
31319	336659
94957	336658
88289	336868
31314	336952
45940	337305	337264
41582	336651
72700	348749
39264	336652
39267	336679
94955	336868	336661
39266	336651
2121	336665
90592	577072
33964	338185
76299	336650
11716	336679
54047	336651
31308	336653
94948	348749
32636	336650
31303	336656
88275	336658
45930	336653	348749
40240	336665
67364	336651	393944	336961	337059	336679	337174	337096	336799	337045
39254	336650
45932	336924
15288	337621	336714	336799	336679	336654	337260	336651	337084	22168
41574	336653
66037	336650
45937	336659
55382	490817
55388	336653
78024	337305	336739	336650	516754	394640	336714	337063	336653	336751
59746	336966
32621	336813	336961
28594	336751
80342	336679	336813
80341	336650
67362	336785	336653
33957	336664	22168	337088
32626	337681	348749
88296	337174	336658
67378	336651
42896	336661	336713	337397	22168	337484	336808
92314	337305	336653	336868	336661	336651	336751
41566	336651
80337	22168	337045
3468	22168
78019	337045
78018	337045	336651
92308	336658
32619	336651
869	336653	336679
33948	337274	336659	394183	336652	337623	336679	337174	338059	336651	336654
45116	348749
45115	336739	336650
47778	337167
46442	336650
10493	337260
74478	338003	336679
10492	337681
33131	336651
38827	336653
33138	336651
871	336802	337088	337125	336679	336785
33132	339326	336657
34463	336653
53542	337125
10495	337681
86464	336653
77516	392588
6503	337174	337063	22168	336661	337045	336653
10496	337676
13526	338185	337174	336813
14857	336894
47766	336650
64201	336651
47762	336651
66869	336653
34450	336651
3496	336651
73155	336651
880	336657	336651
53550	336651
35789	336651
14869	336651
34456	336813	392705	336653	336659	336651
33126	348749	337590	348225	336924	337264	494780	336961	506146	336651	336657
2159	336679	336661
86459	336714	336650
78837	337174	336657
86454	467501
78839	336650
86452	336797
82095	336653
85121	576295
90501	577072
64213	336652
74497	393174	336657
64218	336658
2172	336804	337484	336679	337941
30080	336651
29088	337264
13505	336679
57921	336651
30086	336651	338003
896	336838
91825	337090
91822	336966
38800	336651
14832	337174	338220	336804	337077
10479	336651
65550	336650	392550	22168	336785	338192	336751	336966
66886	336650
42054	336658
65556	336735
30071	336651
30073	336651
30072	336651
33105	336651
35767	336651	337305
35765	337305
94093	338192	336658	336650	336651	337305
34433	336650
35764	337621
30074	336651
77523	336653
86479	336661
29093	336679
43380	336651	336652
14841	336804
13511	336961
85144	336651	337045
77526	336651
10486	336651
13514	338255
56604	336651
13512	337623	336653
29094	336651
86472	336658
91850	336966
43373	336650
69921	336813	336651	338339	336659	336650	339326	336681	348749	336657	336751	336961	336679
90522	336651
69928	336650
30068	336651
30067	336651
52250	336657
57943	336650
30069	336651	337174
30064	336714
77554	336952
30063	336651	336804
77556	336813	336664	336665	336653	338003	337100
34420	392202
35751	336650
78887	336661
30065	336651
76226	336651
57949	336653
78889	336651
10450	577072
89534	577072
11786	336653	336793	336651	336952	336661	337305	336679	336896
90518	577072
90517	336651	337305
10454	336804
70902	336651
34427	348749
65572	336679
91840	336658
64246	336650
30051	336651
97141	336651
26803	337174
73195	348749
53594	337174	336679
34414	336679
34413	336679
29077	336651
34412	336751	336961	393963	336679	336651
35743	336653
78872	336714	577072
89529	336658
78875	337775
31383	336651	336668
77544	337203
76214	337100
30055	336651
89527	336651
31385	336653
10462	336651
85167	336739
11792	336860	336961	337174	336679	336896	392550	336804	336650	22168	337203	390998	336651	336665	348749	336659
77548	337462	336657
91836	336651
44692	336651	337045	336812	336653	392550
11794	336802	337174
10463	336681	337094
11797	336659
10465	336651	336966
86496	336651
34416	336787
29072	337084	336650
47713	336658
69941	336650
91872	336650
6573	336650	336714	336679	336731	336653
9601	336653
6575	336924	336659	336665
90545	336652
82914	22168
10437	336713	336653
11768	337223
10439	337174
30048	336651
10438	336650	337045	336751	336793
77576	336657
56630	336651
31375	392202
90538	577072
11761	337223
10430	577072
11764	337223
30049	336651
34407	392202
11766	336679
47702	337082
6581	22168
42015	336651
65595	336661
43347	336651
68629	336650
23750	336650
69959	506146
82908	336751	22168
10447	336679	336651	336739	337620	336804	336650	337092	348749	338058	337174
35723	336651
52283	336650
30037	337063
32694	22168	336651
32695	336651
30033	336804
90527	336651
10442	337676	336804
14801	338220
88211	336653
89542	336661
91859	336656
75728	336650
75727	336651
9620	336668	336650
48108	336651
38781	577072
38782	337623	337861
94009	336653	337624	337627	336658	336739	339326	336966	336751	337623	336679	336650	336665	22168	336651
13485	336651
71368	336658
13482	336651
9621	336659
37453	336650
63740	337627
94007	336868	336751
71366	336665
75720	336651
63743	336661
62413	338339
29825	336661
24130	336651	337174
87714	336714	336966
51761	336651
50432	336751
13486	336657
30826	390295
51765	336651
9618	336751	336653
84681	336651
9631	336653
70049	336653
95328	336653
13495	338255
38772	336650
8301	336653	336679
37442	336679
74402	336808
30808	390295
63752	336650
36112	336658	336650
36111	336658
36110	336679	336661	336651
36115	336653	337097
29830	336785
50444	336802
9627	336650	337045
83341	336651
30813	337590
13499	338255
30812	337174	336653
84671	336651
45066	336661	337338
69051	336650	348749
9629	336651	337084	336658	338412	336654	336665	337077	22168	336657	337623	337305	336659	336650	337694
8314	336966	336653
14793	338088
37432	337305	336714
57086	336652	337045
74411	336650
36100	337174
95350	337462
83377	336658
33078	337622
9638	337621	337231
30801	390459
8305	336650	336651
30804	390505	390295
30803	336857	336653
13468	337059	336653
30800	390295
49408	393174
96676	337174
71399	336714
9655	336650	337090
66800	336657	336679
74420	336804	336650
96674	506146
29817	336653	336966
66806	336665	336743	336679
63779	336651
94013	494047
29816	337174	336650
49409	336751
82039	336952
51793	336651
87725	336661	22168
84697	337623
34398	392202	336804
33067	336650
9649	336653
84693	336651	336868
37425	494047	336651
82034	336651
38758	336650
46368	494780
63783	336651
73103	337082
34383	336651
95376	336658
33052	336650
37419	336651
61127	336661	337623	348749	337059
87757	336651	577072
86426	336650
34386	392202	336751
8329	336665	336751	336714	336653
82065	336650
37418	336651
9672	336651
62460	336651
13451	336651
9676	384992	348749	336651
94035	336651
34370	336787
8340	336952	336896	336665	336656	336653	336812
1701	336653	337305
34379	337100	336653	336650	336651
69093	336650
61132	336658
14784	336681
83381	336657
14788	337045
38738	336787	336731	445784
9689	337090	336650	336660	392705	336743	337088	336952	336966	336653	337186	336679	336654	336651	22168	336961	336838	336656	336982	336714	336713	336896	336658	336924	336867	337045	336661
10392	337336
95397	337100	336651
75784	494966
25404	336651
33035	336659
87779	577072
34366	336751
35695	336651
50496	336651
78824	336653	336665	336651
21042	336651
85112	336650
1717	337059	337077	336653	336679	22168	337125	336661	337621	336651	336659	337777
14757	336653
87771	577072
45005	336653	337627
75794	336651
35680	336654
75793	336653
75791	336651
34359	336751
34358	392202
35688	336651
52201	336857
87762	577072
13432	336651
86430	336661	336653
61150	336650
14766	336839
33929	348749
41551	336651
45915	336652
81577	336651	22168
55288	337064
28570	336657
79257	348749	494780	337045	336653	337264	336651
55286	336652
80248	337082
32606	336651	336650	336657	336804
93545	336658	336657	336651
42879	336651
55292	336658
36198	336952
79242	336658
79245	573326
30892	336650
80232	336650
79249	573326
79248	573326
60642	336651
67274	336661
73949	573326
67273	393797	336966
42860	337621	337462	337045	336664	337627
39210	394640
96606	336651
93579	514309	336657	336650	337305	336739	336656
15242	336681	337094
58330	336661
93572	336661
84619	336748
30882	390459
58337	336751
29885	336651	336652
84623	336658
58335	336650	22168	336661	336751
49498	393963	336657	336651	337954	336661
67280	336653	336714
51701	336652
1757	22168	336657
51705	348749
42851	22168
39200	336657
58342	336651
42855	336651
94890	337174
84614	336661
30871	390459
84613	337125	336804
30873	390459
41519	336651
81584	336651
84611	348749
57016	336751
36179	337084	337092
60661	336651
15259	337462
81583	337100
30875	336661
30874	336651
71308	336651
30876	336652
73986	336652
92269	336651
48147	471772
15221	336681
42849	337264
93595	336656	336651
84647	556303
83315	386896	337484
79299	336650
85977	337627	337045
60675	336651
83314	337088
85974	336659
51720	336661	348749	336653	337264	336658
30863	390459
80282	336658
37480	336651
96617	336653	336651
71334	336658
70004	336661
36155	336650	336924
41501	336651
29876	336658	336714
36150	336751
30851	336650	337174
63708	336651
84632	336653	337305	336739	336679	336650	336658	22168	336661	392841	336714	337264	336657	336751	348749
57035	336651
59698	336651	336739
29873	338329
50402	336651
30855	336653
80272	336658
95319	336658
30838	337231
96645	336659	577072
72675	336661
36145	336661
29846	337094
58370	384992
42821	336661
24151	337174
45096	337045
84662	336959
30841	390295
49448	336650
30827	336813	336838
71357	348225
48114	336657
30829	336952	337621	336657	336802	336679
25491	336661
83328	336894
48111	337305	336679	348749	336653	336813	336651	336952	336751	336661
50426	336661	337623	336668	337045	336650	336651	337627	336653
30830	348749	336966
80295	337174
30833	337084	336653
50427	336751	445784
88362	336653
43454	336802
44781	336657	336651
30145	336651
10538	337260
30146	336651
80403	336651
29148	336657
31471	336665	336651
10530	336804	337174	336802	336659
35839	393174
10531	337336	336924
44770	336679
43449	337174
3527	22168
10546	22168	348749	337623
51095	336650
10548	337623	336650	337305	336804	337174	337694
32796	338339	337063	337045	336661	337305	336751	337021	336924	336679	348749	336653	337174	337484
31466	336679
30135	336651
76376	336651
32793	336665	336650	336751	336668	336713	337623
30130	336651
32792	337174
88358	336653
924	336653
14900	336679
10543	337485	336650
88352	577072	336679
30139	348749
10544	337690
43430	336952
60806	336651
81749	348749	336651	336679	336653
81753	336651
30123	336731
10513	336653
10515	337260
29127	336751
32780	336679
81751	393174
3531	336966
78106	337045
31451	336798
26090	336902
10510	336653
31458	348749
30129	348749
10512	337260
31459	392214
38076	336679	336658
10525	337481	336785
30111	336651
35800	336651
58502	336797
10527	336804	336651
54147	337554
29130	348749	336651	336661
66120	336657
87046	336802
30115	384992	336804
30118	337125	336651
10522	337174	336661
44742	392550	336966	336786
18454	337090	337305
68797	336651
93753	409143
87075	337305
66133	336650	336653	336651
38066	339326
93756	336650
38069	336651
3561	336679
40389	393944
14093	336661	336679
39393	337174	336656	336651	22168	336659	337843
60825	336650
14091	336751
78123	336650	392588
60832	337260
59846	336664
59840	336651
78129	336651
54157	336651
11828	336896
7910	337174
30104	336653
32769	392841	336679
87079	394183	338059
11820	338059
88393	577072
66144	336661
39388	336679
92414	336679
38056	336651
44739	337063
29118	336679
29117	336751
55491	336661
43406	336658
58525	336651
10503	336650
2239	337889	336802	336966
11833	337125
78113	336651
10506	336653
80434	336650
29113	336651	336661
93737	469362	336653
967	336799
92406	336657	336651
10500	337623
66156	336658
20752	336651
92441	336658	336650
14072	348749
39374	336966
20750	337076
41696	393174
14076	338412
39378	336651
84819	336868	336792
3580	337059	336751
44723	336661
32743	336651	337623
11803	336787	22168	337465	336658	337084	336838	336879	336661	337305	336665	336839	336868	336679	348749	336681	336654	336872	337889	336828	336650	336896	336731	337315	337174	336945	337484	336668
11804	336966
26055	336661
80466	392202	337100	336813	452859	337165	336952
39364	336650
39363	336651
38034	336653
39366	336653	336679
39365	336679	336652
91104	336658
41689	336657	337063
44718	336735
44712	336653
14082	336650
79463	336664
79464	336658
11814	336665
57217	336658
81789	336651
60863	336661
59873	336658
3587	22168	337096	336679	336653	336650	337174	336661	336651	337045	336652
58544	336651
11817	337336
38038	336651
51911	336679
31402	336804
71506	336652
45237	337084
45234	336714	337045	337174
66973	336650
74598	336785	336653
65645	336657
66979	336650
74594	384125
74593	336653
74590	336966
13648	337614
33256	336751
33254	336651
51004	336653	348749
85254	337082
77637	336661
51007	336650	469362
76307	337174
13641	337264
91922	336650
37612	337954
86581	336651
45228	336679
45222	336657	337174	336651
45223	336679	336653
64326	336966	348749
94196	336650	336651
2286	337590	337088
34570	336714	336872	336679	337777	336653
97220	336651
38939	336661
34577	336651	336679
33242	336651
94190	336651	22168
78956	384125
56707	336650
38930	337581
86574	336650
85245	336650
38933	336681
91917	336679	337063
65660	336651
65662	336657	336661
66990	336650
7980	336659
47874	336654
66996	336787	336751
10590	337073
10591	336802
64334	336650
65668	336658
2294	336653	336651
38926	393174	336657
33237	336658
76321	337174
34566	336661
78982	348749
77656	336653
35893	336651	336679
2288	336664
78989	337082
14952	336813	337775
89634	336751
90612	336650
38920	337174	336751
52357	336650
51028	336650	337223	337623	336652	336653	337045
13624	336751
13625	336679
26947	336651
45200	577072	336651	337174	22168	348749	336966
63012	337623	336650
68709	336651
53690	336650
73294	336653	348749
13639	337186	506146	337620	336656	390505	336659	22168	336764
34557	339326	393174	336679	336838	337059	336787	336653	336658	337305	338339	337084
89627	336652
30198	336804
6655	337462	336952	336651
86596	336681
13630	337861
91938	336650
86592	336651	336659
86593	336679
90642	577072
5344	336668	337484	336787	336657	336679	336966
75005	393797
38904	336661	336751
76342	336661	337174	337581	337077	336651	337627	506146	336665	337264	336659	337125	336650	337623	336658
33213	336650	337187	337045	336665	337186	337264
34544	336679
34543	336679
76346	337174	336653
76347	336802	337305
91967	336658
88325	336679
4005	337090	336739	336751
38900	336739
14933	338185
10575	336966	577072	336654	337125	336656
13601	336751	336714
5351	336661
9712	337045	336787
64368	337174
90633	336650
10581	336743
10580	22168	336679
43486	336650
63038	336658	336650	337100	348749
30170	336651
75012	336653
47848	336896
78992	336966
30178	336659
33202	336653
13616	336751
34533	336650
30173	348749
78997	336661
76337	337623	336657	336650
34538	336658
33207	336661
13612	336802
47834	467193
6694	336839	336659	22168	336860	336679	336857
9720	336793
67405	392368
76362	336650
29166	337082
76365	336650	336659
31496	22168
14918	336762
89679	336661
90658	337064	336659
29163	336651
10556	336653	336651
9718	337088
42134	336651
64384	336894
4041	336651
9730	336787
5375	336802	469362
9733	337045
5376	336679	392588	336656	336657	336651	339326
43462	336681
67412	348749
9732	337045
63059	336651
68743	336804
68748	336804
30150	392214	337861
23876	336661
75032	336804
10569	336651
97281	336966
30155	336802
81700	336657
30158	336651
56766	336650
76358	336651
9727	336679
90647	336651
9725	336650
9729	336679	337174
35846	337174
75849	336651
48228	348749
63860	336735
94129	336966
4057	336679
8412	336653	336679
49555	336661	336804	336751	336799	336894
48225	337088
9743	336717
57188	336658
63867	336743
96780	336656	336651
29947	339326
82149	336868
36249	336679
82146	337627
87830	336658
9735	336665	336651	337484	336653
30947	390505
82143	510490
37579	336661
83474	336657
30946	337462	338003
30940	390505
69164	336659
30942	390295
8420	336651	336679	336658	337059	336804	336785	336743	336659	336838	336653	336764	337063	337045	337092
9751	336651
71499	336868
8425	336656	336653	336751	337082	336651	336657	337065	336764
15310	336653
9756	336679
48216	336658
8422	337063	336651	337305	338368	337088	336660	337775	336654	336802	336679
62541	336651
30929	390505
4068	337090
75852	337064	336661	337264	336838	348750	336742	337045	22168	336651	336743
66902	336650
5390	337063
125	336966	336802
126	337092
9748	337174
49542	336650
8415	337861	337285	336661	336804	337063	336650	337077	337621	337676
30936	390505
82132	336652
82133	339326
69178	336651
50568	336966
45183	336661
8419	336658	336661
30932	390505
30931	337059	336804	336659	337045	336650	336651
73208	336658
8431	22168
94148	336651	337623	348749	337305	337264	336653
38880	336679
30916	337174	336657	336654	336667	337481	336966	336762	336679	392214	338339	336739	336651	22168
45178	336651
30915	390505
30918	390505
75863	336868	392550	336751	336679	336651	336659	337084
75861	336661
42903	336651
24237	336661
25569	336661
94145	336735
94144	336966
94142	336661
133	22168	336650
36229	336751
53603	348749
30922	390505
8426	336802	337076	22168	336739	348749	336651	393174
13585	336651
30925	390505
30924	390505
45170	336857
53604	336651
30921	390505
82162	336650
4084	336751	336804	336896	337125	337045	336665
13595	336651
30907	338192	336966
95469	336651	336661
75874	572515	336679
33183	336651
94132	336651
70183	348749
29936	338329
36217	336679	336787
61238	336650
69192	336651	336650	336661
82152	336679	336653
30912	390505
49520	336658
13599	337231
69195	336652
13596	336651
30914	390505
9769	336658	336679	336651	337090	336665	337174
69193	337264
30913	390505
13597	337231
8453	336651	337089
73228	336751
9783	336651
62572	336661
8457	336651	22168
66930	336651
9788	336650
62574	336650
8456	336651
9787	336659	336658	337231	348749
74554	338003	336966
65601	336650
70195	393174
95497	336857
4092	336653	337177	336872	336650	336652	337305	336717	336658	337174	336714	336654	337264	337096	336804	336793	393948	336661	336665	337100	336894	337465	336787	336679	337626	337045	336656	337285	392841	338386	337021	336751
66939	336657
70191	337084
36204	337174
13565	336651
37533	337063
78925	336657
8449	336679
13564	336651
86542	336658
13569	336651
13567	336741
78928	336751	336786
9794	336659
74569	336650	336679	336661	336751	336868	336654	336879	336961	336651	22168	336838
62584	336650
65611	336661	336659
9797	336650
8467	336661	336679	336657
38851	336739
94152	336651
29911	336651
8460	336651	336751
75891	337045	337174	390680	336665	336679	336664
9792	336659
8461	337077
168	22168
61255	336651
37521	336739
85201	556303
37526	336651
78918	336868	336679	336659
82173	573326
78917	336924
8473	336658	337076
65620	336751
66952	336650
8477	22168	336679	336657	336650
8471	336751
8472	336739
94180	336813	336657	336952	516754	336668	337045	336961	337174	336651	393174	336653	336656	336717	336650	336661	336785	337059
53643	336650
77612	336966
78942	336751	22168	337174
86565	336714	336651
77614	336657
14878	336802
87893	336661
86562	337082
37516	336650
45127	336661
97204	336966
65630	336651
66961	348749
7159	22168
94171	336654
8482	336661	337174	336653	336751	336743	336802	336657	337782	337305	336896	337100	336656
184	336659	336653	336650
8480	336838	336651	336650	336657
8481	336651
1844	336751
53653	337203
33146	336651
85225	336651
34474	336735	336658
45121	336653	348749	336650
82198	337305
77605	337082
13559	337045	336924
82194	336651
82195	336651
8498	336714	337092	22168	336660	337023	336961	337097	336751	337094	337089	337059	337045	336659	337100	336792	336650	336764	337024	336868	336804
67389	336652
8495	337465	336717	336679	337777	336656	337889	336665	336751	337088	337274	337305	337096	336651	336653
8496	336658
71400	336651
15388	337088
38025	336657
92346	336658
39356	336651
40341	336650
54070	336651
79372	336661
8491	336804	336656
8492	336653
57107	428084
32727	336651
67383	336651
93663	336748
71414	336651
7179	336653	336802
38013	336751
91005	336665	337100	336656	392841	336713	336714	336651	336661	336679	336653	22168	576842	336751
39345	336650
57110	336651
54085	336651
94990	336658
60767	336651
78034	337082
1863	336651	22168	336657
78038	336650
57114	336651	393797
60762	336651
39348	390998
67392	336661
51810	336650
14031	336653
93697	574203	336812
51818	337165	336657
91034	577072
41653	336802
14035	336679
41651	336651
42989	336679
41654	336650
93692	22168	336653
78065	336651
91030	336650
60779	336679
1876	336804	337627
54099	336657
57129	338339
58454	336651	336714
48289	336650
14036	336657	336714
32704	337861
51823	336661
96718	336651
48285	336650
32703	337861
80382	336650
96719	337757
91024	336714	336651	336658	336661
93685	22168
70106	336657
39321	336653	337165
91029	336661
41645	392202	336787
83404	336656
78059	348749
30993	337063
66086	336651
51834	336659
91057	336714	336751	336952
75805	337084	336651
50506	336838
42961	336924
71447	337174	337100
70111	336857
40304	336651
91050	336652	336651
40303	393174
36281	348749
83437	336650
84769	336961
30989	336651
14014	336896	336651	336839
60791	336651
66095	336652
96736	336838
69137	348749
96737	336650
70122	336651	336665
16683	336741	336804
36277	336652
78070	348749
96730	336651
58485	337627
92373	336651	336654	336714
63835	336651
62505	336650
63836	336652
42955	336657	336650
78076	337045	336651
30972	390505
29996	336657
36278	336651
30974	390295	22168
39307	336650	336653
75825	336650
37592	577072
91078	336679	338386	336804	336651	392550	336751	336713	337059	339326	409196	336894	337305	336665	336658	336792	336661	336659	348749	336787
72797	336966
63840	336650
63842	336679
28636	336651
62513	336751	336748
91070	336650
36262	336651
94100	337174
36261	336651
62515	336857
91074	337174
30967	390295
50531	336651
82121	337045	336651
83452	337174
30968	336659
30962	390505
3617	336651
91068	336658
37581	336651
92397	336812	574203
15333	336735
30948	390505
29975	336651	337125	336792	336785
78096	336657	336679	336653	336966	336751	336661
63858	336651
82117	336653	336659	336665
30950	390505
82112	390295
36258	336651	336653
57179	337174
84772	336661
14007	337174
